-,-,-
-22, -806, 221
9, -903, -21
-,-,-
62, -888, -69
62, -888, -69
8, -686, -174
12, -80, -204
-71, 753, -433
-335, 1339, -342
-308, 1357, 159
-162, 956, 662
-162, 956, 662
-147, 633, 357
-248, 170, -138
-253, -755, 48
332, -1411, 363
448, -1954, 645
426, -1998, 575
299, -1998, 1124
99, -1998, 1431
99, -1998, 1431
-,-,-
130, -851, -30
37, -569, 17
-79, 391, -60
-79, 391, -60
-401, 1830, -588
-699, 1997, -349
-645, 1996, 447
-103, 1555, 320
86, 482, 94
0, -519, -143
0, -519, -143
261, -1624, 453
131, -1998, 650
181, -1998, 1242
485, -1998, 1895
740, -1998, 1998
911, -1998, 1795
772, -1998, 1486
599, -1998, 1214
-,-,-
-25, -166, 45
-35, 382, -76
-35, 382, -76
-107, 1146, -390
-124, 1562, -45
-239, 1489, 457
-220, 1200, 604
-46, 653, 374
-129, 12, 185
-44, -643, -153
-44, -643, -153
115, -1575, 109
206, -1998, 651
257, -1998, 1367
504, -1998, 1575
558, -1998, 1445
453, -1998, 1564
405, -1998, 1564
-,-,-
39, -624, -45
39, -624, -45
59, 127, 42
-170, 873, -40
-180, 1384, -101
-89, 1244, 349
-11, 1056, 403
-11, 1056, 403
-2, 759, 213
-184, 359, -284
-247, -123, -461
-69, -969, 4
144, -1855, 281
120, -1998, 712
152, -1998, 1216
152, -1998, 1216
-,-,-
44, -401, -16
-55, 123, -66
-87, 782, -240
-157, 1140, -297
-138, 1137, 103
-138, 1137, 103
-270, 955, 273
-80, 560, 495
-86, 93, 314
30, -331, 276
16, -692, 24
16, -692, 24
15, -1427, 165
-28, -1994, 681
239, -1998, 1375
520, -1998, 1708
645, -1998, 1614
-,-,-
-34, 110, -233
-34, 110, -233
-90, 571, -202
-214, 678, 153
-201, 818, 227
-25, 868, 203
-48, 549, 357
-48, 549, 357
-135, 100, 112
-47, -165, -274
114, -605, -36
170, -1539, 260
247, -1998, 719
313, -1998, 1189
305, -1998, 1662
-,-,-
50, -257, -157
144, 172, -4
144, 172, -4
-117, 579, -38
-148, 1085, 243
-12, 1342, 236
-111, 1209, 13
-312, 701, 124
-312, 701, 124
-334, 60, 145
-170, -481, -120
71, -1189, -33
337, -1875, 276
313, -1998, 791
382, -1998, 1409
89, -1998, 1789
35, -1998, 1786
35, -1998, 1786
-,-,-
-29, -18, 29
31, 689, -60
31, 689, -60
20, 1434, -82
-183, 1682, 96
-356, 1454, 303
-450, 1187, -9
-450, 1187, -9
-222, 631, -168
-207, -170, -113
-327, -1106, -180
140, -1954, 336
391, -1998, 1237
541, -1998, 1821
579, -1998, 1998
621, -1998, 1995
-,-,-
78, -367, -15
-38, 48, -102
-38, 48, -102
-205, 559, -225
-121, 921, -205
-173, 1175, -279
-185, 1128, -57
-183, 887, 155
-150, 494, 289
-113, -14, 101
-148, -475, -152
-148, -475, -152
56, -1475, 85
262, -1998, 928
476, -1998, 1925
500, -1998, 1998
-,-,-
35, -416, 96
-85, 294, -111
-222, 1168, -275
-222, 1168, -275
-440, 1758, -159
-338, 1534, 51
-289, 1165, 44
-253, 611, 26
-135, 16, -34
61, -627, 144
24, -1412, 21
24, -1412, 21
-88, -1981, 73
7, -1998, 840
-,-,-
126, -439, -122
52, -231, 99
-119, 298, 104
-428, 816, 36
-483, 1248, 36
-483, 1248, 36
-275, 1272, 284
-273, 1006, 58
-140, 678, 98
-79, 139, -30
-178, -378, -476
35, -1191, -433
357, -1954, 64
357, -1954, 64
750, -1998, 751
948, -1998, 1446
1096, -1998, 1998
-,-,-
46, -466, 38
-42, -140, -77
-42, -140, -77
-147, 412, -52
-193, 994, -287
-232, 1261, -337
-329, 1476, -392
-428, 1261, -120
-435, 787, 103
-209, 390, 19
-244, -249, 49
-244, -249, 49
-131, -815, -186
213, -1725, 348
562, -1998, 1212
510, -1998, 1981
-,-,-
23, -440, -203
5, -381, -105
-50, -113, -207
-155, 215, -253
-230, 726, 12
-348, 1347, -121
-289, 1624, -3
-241, 1397, 227
-241, 1397, 227
-116, 988, 161
-110, 520, -192
-311, -289, -272
-257, -1207, -363
289, -1962, 386
810, -1998, 1072
-,-,-
76, -506, 132
76, -506, 132
17, -242, -148
-62, 104, -275
-283, 557, -124
-376, 1033, -29
-172, 1404, 118
-330, 1389, 225
-139, 1019, 303
-139, 1019, 303
-89, 447, 292
-51, 27, 14
62, -800, -68
146, -1727, -230
157, -1998, 103
553, -1998, 799
-,-,-
147, -993, -80
155, -983, -57
68, -810, 65
-83, -236, 239
-63, 1046, -193
-567, 1956, -104
-860, 1987, 575
-634, 1979, 407
-634, 1979, 407
-71, 1549, -67
239, 721, -362
200, -384, -90
110, -1424, -268
-,-,-
115, -922, -93
62, -822, 11
62, -822, 11
-28, -524, -90
-104, 104, -37
-254, 867, -294
-513, 1509, -639
-557, 1728, -529
-400, 1676, -100
-78, 1537, 416
-78, 1537, 416
175, 1065, 398
0, 243, 84
-114, -930, -24
-,-,-
70, -837, -266
33, -816, -136
8, -653, -119
8, -653, -119
-31, -340, -280
-19, 60, -241
-105, 809, -405
-440, 1600, -863
-524, 1794, -335
-393, 1885, -78
-217, 1921, -181
83, 1429, 253
83, 1429, 253
-8, 650, 789
-,-,-
121, -720, -315
122, -613, -325
126, -542, -135
126, -542, -135
202, -266, -87
65, 466, -182
-154, 1594, -291
-214, 1980, -73
-493, 1936, 79
-532, 1628, 37
-276, 1139, 321
-352, 344, 237
-352, 344, 237
-304, -482, -360
-44, -1342, -418
69, -1998, 993
-,-,-
105, -730, -212
103, -700, -148
90, -548, -87
-19, -120, -253
-100, 551, -227
-253, 983, -106
-304, 1419, -166
-311, 1555, 31
-313, 1441, 152
-184, 977, 508
-184, 977, 508
-174, 428, 448
-126, -98, 244
93, -913, -370
162, -1852, 35
178, -1998, 1006
830, -1998, 1750
1469, -1998, 1997
-,-,-
53, -637, -376
159, -445, -290
29, -144, -188
-68, 440, -246
-195, 1253, -846
-324, 1790, -645
-296, 1994, 195
-455, 1921, 320
-306, 1333, 97
-306, 1333, 97
-414, 591, 100
-272, -118, 290
13, -1038, 584
-,-,-
131, -407, -257
106, -398, -313
44, -207, -332
-86, 64, -231
-144, 593, -274
-228, 1129, -201
-264, 1129, 211
-264, 1590, 211
-4, 1707, 511
193, 1314, 756
108, 732, 378
-205, 76, 156
-542, -791, -309
-277, -1637, -206
134, -1998, 509
-,-,-
87, -598, -443
159, -546, -332
-24, -380, -325
-24, -380, -325
-181, -92, -349
-121, 381, -300
-149, 805, -337
-246, 957, -279
-281, 1013, -44
-191, 1189, 15
-115, 976, 373
-148, 731, 516
-148, 731, 516
-195, 333, 387
-406, -363, -143
-58, -1328, -309
468, -1998, 703
753, -1998, 1591
716, -1998, 1976
-,-,-
150, -510, -247
61, -482, -264
-46, -214, -307
-134, 215, -357
-279, 844, -371
-298, 1270, -266
-374, 1452, -71
-473, 1478, -111
-159, 1224, 132
126, 671, 836
126, 671, 836
-32, 47, 640
-171, -710, -311
355, -1646, -486
835, -1998, 753
949, -1998, 1796
1123, -1998, 1991
-,-,-
-1, -452, -408
23, -352, -441
-67, -251, -312
-271, -49, -169
-251, 610, -317
-667, 1528, -881
-732, 1982, -629
-429, 1893, -91
-660, 1363, 465
-243, 732, 339
45, 155, 630
45, 155, 630
48, -678, 330
393, -1459, 34
874, -1991, 375
636, -1998, 1462
740, -1998, 1994
1380, -1998, 1794
-,-,-
82, -565, -209
60, -527, -295
15, -319, -365
-140, -29, -394
-142, 595, -231
-185, 1391, -540
-309, 1842, -79
-419, 1882, 85
-351, 1778, 95
-351, 1778, 95
-306, 1408, 61
-104, 678, 353
-43, -428, 540
-10, -1581, 223
375, -1998, 411
865, -1998, 1826
1018, -1998, 1998
-,-,-
-21, -483, -122
-2, -306, -188
-89, 138, -213
-89, 138, -213
-488, 1002, -153
-641, 1803, -309
-537, 1957, 195
-236, 1710, 388
-47, 1077, 565
-113, 455, -77
-217, -336, -148
59, -1251, 191
194, -1920, 416
37, -1998, 620
-,-,-
65, -592, -240
65, -592, -240
-3, -466, -266
-228, -123, -355
-530, 596, -411
-765, 1093, -189
-559, 1246, -51
-271, 1289, 0
-416, 1277, 303
-163, 1308, -73
-163, 1308, -73
-43, 946, 221
73, 160, 331
-3, -703, 32
-89, -1695, 373
-,-,-
92, -578, 50
122, -500, -97
27, -140, -156
-39, 686, -190
-39, 686, -190
-220, 1340, -633
-592, 1269, -356
-431, 1180, -26
8, 1236, 142
38, 1091, 243
-164, 550, 372
-488, -41, 156
-488, -41, 156
-120, -722, -244
310, -1707, 257
-,-,-
62, -544, -286
32, -514, -238
-35, -230, -273
-91, 147, -420
-91, 147, -420
-261, 477, -443
-325, 807, -361
-354, 1171, -419
-343, 1211, -101
-192, 1130, 135
45, 741, 617
-176, 404, 401
-136, -219, 733
-113, -737, 540
-113, -737, 540
-,-,-
69, -421, -77
26, -350, 63
26, -350, 63
43, -138, 51
2, 189, -3
-12, 502, -73
-12, 502, -73
-263, 870, -73
-272, 1138, 36
-122, 1217, 107
69, 969, 441
69, 969, 441
-137, 579, 102
-188, -25, -116
-247, -411, -589
-51, -1209, -736
190, -1933, -97
304, -1998, 597
291, -1998, 930
-,-,-
-116, -247, -9
-192, 335, 101
-324, 1030, -359
-346, 1296, -757
-438, 1615, -476
-445, 1536, -282
-280, 1332, 163
-29, 930, 291
-29, 930, 291
65, 247, 250
70, -681, -131
429, -1672, -331
674, -1998, 648
596, -1998, 1887
-,-,-
58, -465, -218
58, -465, -218
-13, -372, -76
-229, 9, -100
-374, 614, -460
-391, 1035, -482
-445, 1267, -482
-533, 1431, -348
-173, 1374, 234
-47, 1014, 121
-47, 1014, 121
111, 474, 53
245, -149, 306
234, -1018, 551
137, -1964, 1078
61, -1998, 1572
-,-,-
-47, -543, -76
62, -526, -223
120, -383, -315
32, -340, -210
-20, -159, -75
-20, -159, -75
-136, 184, 118
-266, 706, -171
-146, 1189, -83
-82, 1294, 244
-113, 1128, 131
-356, 749, 45
-356, 749, 331
-167, 317, 331
-138, -79, 311
-157, -499, -720
192, -1426, -523
-,-,-
-53, -447, -368
-4, -482, -613
-8, -292, -612
-247, -30, -403
-459, 492, -135
-459, 492, -135
-374, 1108, 119
-144, 1545, 94
-310, 1495, 118
-304, 1257, 81
22, 766, 451
207, 204, 393
207, 204, 393
253, -638, 115
-,-,-
112, -302, -32
68, -254, -183
78, -113, -161
-34, 145, -122
-113, 615, -407
-205, 1090, -599
-322, 1132, -155
-313, 1269, -174
-160, 1458, -9
-160, 1458, -9
23, 1279, 105
81, 685, 68
-124, -240, 40
-193, -1535, 213
176, -1998, 472
176, -1998, 472
450, -1998, 1180
442, -1998, 1715
-,-,-
69, -499, -172
29, -209, -202
-136, 357, 50
-378, 1006, -42
-378, 1006, -42
-226, 1466, -527
-314, 1580, -104
-491, 1311, 488
-269, 1044, 137
-68, 586, -81
-125, -26, 214
161, -835, 193
247, -1784, 308
272, -1998, 724
272, -1998, 724
321, -1998, 1757
-,-,-
38, -427, -322
-87, -419, -285
-163, -168, -77
-192, 226, -230
-384, 783, -552
-523, 1569, -435
-612, 1938, -25
-612, 1938, -25
-576, 1634, 118
-221, 1404, 71
35, 1074, 287
48, 429, 641
-121, -702, 309
3, -1886, 442
3, -1886, 442
670, -1998, 1482
-,-,-
123, -213, -256
85, -28, -92
85, -28, -92
-166, 459, -213
-312, 969, -598
-262, 1190, -536
-261, 1214, -190
-215, 1072, 307
-65, 821, 538
-7, 340, 764
-7, 340, 764
-23, -97, 370
-86, -869, 116
101, -1839, 477
241, -1998, 1292
-,-,-
119, -394, -92
117, -109, -172
1, 377, -155
-200, 828, -645
-300, 1400, -891
-267, 1530, -263
-426, 1332, 188
-444, 991, -8
-199, 587, 189
-199, 587, 189
-56, -130, 656
-37, -1152, 1020
122, -1954, 1197
100, -1998, 1495
-,-,-
88, -486, -127
64, -329, -163
-40, -55, -208
-245, 290, -306
-138, 672, -591
-56, 990, -856
-203, 1143, -705
-236, 1117, -568
-152, 1016, 0
-152, 1016, 0
-24, 795, 833
-174, 217, 1425
-364, -786, 1384
-3, -1811, 1303
127, -1998, 1578
-95, -1998, 1922
-,-,-
74, -529, -285
94, -403, -255
-34, -39, 128
-208, 791, -120
-157, 1408, -767
-83, 1596, -375
-269, 1477, 342
-177, 1407, 697
-177, 1407, 697
-345, 914, 515
-615, 141, 67
-401, -683, 152
-65, -1736, 639
149, -1998, 1126
-,-,-
32, -477, -206
61, -400, -295
-1, -37, -121
-250, 642, -163
-416, 1487, -514
-411, 1980, -571
-406, 1796, -135
-220, 1447, 203
95, 857, 501
95, 857, 501
81, -165, 999
-118, -1265, 759
-109, -1957, 350
-,-,-
108, -936, -274
111, -932, -290
112, -946, -232
119, -944, -230
133, -971, -201
123, -1013, -180
131, -995, -138
145, -988, -154
168, -1003, -97
135, -1032, -110
147, -978, -114
147, -978, -114
166, -826, -87
73, -581, -204
-57, 83, -272
-210, 1220, -332
-327, 1610, -151
-488, 1867, 60
-410, 1931, 159
-248, 1698, 89
-248, 1698, 89
-228, 845, 202
-550, -334, 155
-,-,-
97, -377, 32
119, 329, -145
-85, 1155, -628
-85, 1155, -628
0, 1922, -393
-281, 1997, 7
-473, 1977, -216
-341, 1317, 241
-428, 146, 594
-311, -1132, 356
74, -1955, 432
74, -1955, 432
-,-,-
-52, -739, -110
-143, -430, -93
-16, 582, -100
-163, 1373, -756
-488, 1645, -128
-583, 1578, 219
-134, 1584, 242
116, 1171, 273
237, 400, 307
237, 400, 307
-,-,-
24, -831, 46
29, -703, -110
-18, -449, -109
-157, 237, -72
-248, 1244, -429
-318, 1707, -203
-627, 1816, 26
-555, 1718, 144
-555, 1718, 144
-218, 1433, -13
22, 780, -135
-,-,-
30, -552, -157
11, -495, -59
-5, -175, -158
-5, -175, -158
57, 464, -328
-95, 1055, -300
-214, 1542, 185
-233, 1739, 173
-240, 1426, 181
-177, 925, 62
-214, 43, 223
-214, 43, 223
17, -1119, 199
209, -1959, 121
121, -1998, 412
-,-,-
41, -384, -16
41, -384, -16
28, 146, -243
18, 789, -344
12, 1430, -178
-219, 1788, 88
-405, 1753, 580
-405, 1753, 580
-251, 1484, 463
-53, 1133, -299
128, 426, -375
172, -870, 11
-16, -1980, 710
-,-,-
71, -611, 18
97, -647, 47
73, -453, 36
73, -453, 36
54, -233, 105
112, 475, -327
65, 1220, -220
-79, 1714, 258
-214, 1858, 485
-214, 1858, 485
-356, 1836, -163
-221, 1487, -574
-263, 574, -574
-305, -734, -253
-151, -1925, 243
215, -1998, 1140
-,-,-
0, -218, -85
0, -218, -85
-80, 16, 48
-170, 493, -171
-267, 961, -440
-302, 1430, -544
-361, 1580, -451
-434, 1532, -382
-218, 1254, -512
-142, 708, 18
-142, 708, 18
195, -332, 140
443, -1807, 847
315, -1998, 1500
174, -1998, 1998
-77, -1998, 1998
50, -1998, 1998
-,-,-
-321, 432, 118
-256, 1606, -495
-527, 1996, -1188
-882, 1465, -56
-882, 1465, -56
-557, 1348, -111
27, 937, -450
280, -18, -389
-,-,-
-7, -395, -1
98, -328, -37
104, -37, -136
-1, 324, -182
-1, 324, -182
-236, 861, -5
-214, 1436, 77
-201, 1596, 83
-161, 1681, 158
-73, 1466, 250
-73, 1466, 250
-1, 677, 112
-52, -14, -639
55, -1183, -251
-,-,-
-257, 344, -10
-335, 1165, -397
-267, 1469, -422
-180, 1604, 128
-180, 1604, 128
-458, 1289, 377
-556, 965, 298
-173, 614, 187
362, 9, -141
337, -928, -608
261, -1824, -205
239, -1998, 537
239, -1998, 537
-,-,-
-10, -459, -173
-15, -414, 15
0, -56, -170
-106, 655, -411
-106, 655, -411
-233, 1360, -285
-332, 1564, 103
-130, 1558, 398
51, 1474, 8
54, 1023, -159
-106, 309, -200
-336, -693, -347
-112, -1786, -177
-,-,-
100, -148, -414
15, -80, -92
-26, 299, -100
-26, 299, -100
58, 988, -374
13, 1659, -194
-228, 1604, 642
10, 1776, 900
160, 1817, 0
160, 1817, 0
-142, 1230, -341
-756, -50, 168
-712, -1675, 896
-,-,-
58, -548, 125
61, -473, 50
61, -473, 50
46, -395, 78
62, -259, -35
76, -224, 44
76, -224, 44
20, 28, -193
-72, 744, -408
-265, 1569, -545
-429, 1537, 140
-317, 1680, 50
-317, 1680, 50
-179, 1595, 139
-,-,-
81, -561, 28
81, -561, 28
31, -492, -18
4, -270, 93
119, 174, 91
119, 174, 91
94, 976, -238
-66, 1806, -378
-274, 1929, 262
-581, 1572, -80
-412, 1116, -42
-370, 569, 23
-370, 569, 23
-319, -207, 177
-,-,-
-127, -353, -87
-94, -317, 23
56, 185, -178
35, 489, -195
-20, 1061, -86
-62, 1679, 67
-62, 1679, 67
-209, 1719, 227
-249, 1644, 100
-197, 1129, -44
-247, 253, 276
-13, -843, 258
217, -1915, 565
-,-,-
31, -326, -204
58, -274, 61
31, -143, -31
59, -27, -7
59, -27, -7
-32, 170, -76
-84, 675, -318
-80, 1334, -424
-237, 1562, -60
-227, 1731, -86
-227, 1731, -86
-20, 1815, -37
-89, 1522, 208
-105, 792, 530
-15, -476, 917
5, -1762, 527
-100, -1998, 889
-,-,-
66, -68, 65
66, -68, 65
38, 94, -62
-3, 426, -287
-108, 914, -379
-108, 914, -379
-237, 1278, -471
-215, 1441, -397
-203, 1296, 66
-167, 1125, 151
3, 631, 232
3, -248, 757
167, -1157, 251
167, -1157, 251
-,-,-
43, -235, 335
86, -93, 97
60, 33, 76
-17, 371, -103
-17, 371, -103
-62, 853, -206
-124, 1277, -348
-230, 1610, -140
-378, 1357, 28
-178, 1175, 78
90, 752, 322
140, -5, 652
140, -5, 652
232, -925, 324
-,-,-
-15, -42, 398
-1, 96, 195
33, 631, -220
33, 631, -220
11, 1410, -580
-289, 1643, -177
-536, 1730, 19
-449, 1418, 303
-66, 1018, 386
37, 341, 631
37, 341, 631
8, -522, 335
3, -1402, -270
-42, -1996, -63
82, -1998, 683
180, -1998, 1438
180, -1998, 1438
-,-,-
-14, 380, -3
-8, 669, -159
-12, 879, -12
17, 1045, 212
11, 969, 649
11, 969, 649
7, 958, 269
-87, 710, 160
13, 95, 427
13, 95, 427
45, -852, 684
-146, -1836, 241
-250, -1998, 205
-181, -1998, 665
63, -1998, 1231
-,-,-
-100, 153, -233
-100, 153, 21
-114, 536, 21
-118, 836, 1
-6, 1124, 198
-29, 998, 577
-29, 998, 577
-32, 790, 584
-68, 558, 238
-128, -128, 397
-85, -1008, 389
-68, -1751, 304
-15, -1998, 447
-25, -1998, 998
-25, -1998, 998
-,-,-
-35, 150, -3
-35, 150, -3
-96, 534, 16
-210, 1309, -61
-310, 1852, 4
-532, 1721, 564
-517, 1418, 438
-220, 925, 533
-220, 925, 533
144, 141, 298
149, -981, -122
176, -1947, -315
-,-,-
36, 111, -35
-65, 437, -296
-65, 437, -296
-124, 993, -505
-124, 1531, -329
-328, 1595, -188
-386, 1564, 6
-243, 1288, 273
-184, 702, 574
-102, -178, 773
42, -1103, 564
42, -1103, 564
63, -1959, 661
64, -1998, 1215
-,-,-
22, -3, 166
0, 229, 65
-22, 686, -127
65, 1410, -397
65, 1410, -397
-19, 1938, -462
-368, 1585, 118
-377, 1381, -57
-369, 888, 340
-307, -15, 798
-129, -1112, 643
75, -1917, 349
57, -1998, 445
57, -1998, 445
90, -1998, 1176
65, -1998, 1808
-,-,-
1, -81, 27
31, 210, 32
31, 210, 32
41, 802, -41
148, 1508, -112
-71, 1772, -32
-371, 1545, 146
-371, 1545, 146
-377, 1411, 61
-193, 862, 473
-205, 30, 710
-265, -856, 441
-253, -1920, 595
153, -1998, 962
-,-,-
39, 79, 126
122, 207, 136
48, 467, -149
48, 467, -149
37, 725, -139
-58, 977, -180
-98, 847, 143
13, 982, 93
13, 982, 93
33, 923, 237
-107, 636, 480
-147, 129, 481
5, -417, 61
5, -417, 61
60, -1289, -14
-97, -1981, 156
-78, -1998, 373
26, -1998, 793
-,-,-
-185, -173, 4
-270, 102, 28
-270, 102, 28
-451, 955, -310
-575, 1558, -348
-599, 1399, 220
-478, 1532, 153
-208, 1413, 90
108, 1113, 401
215, 666, 627
-61, -381, 433
-,-,-
99, -425, -133
44, -533, -168
87, -450, -23
146, -421, -165
-,-,-
-252, 679, -309
-246, 1289, -354
-207, 1605, -255
-237, 1686, 27
-151, 1647, 173
-131, 1404, 129
-101, 693, 470
-205, -345, 556
-205, -345, 556
-186, -1612, 799
-,-,-
8, 303, -104
8, 303, -104
-151, 1140, -305
-377, 1865, -39
-305, 1995, 460
-474, 1997, 73
-343, 1931, -28
-224, 1109, 137
-343, -107, 482
3, -1665, 870
3, -1665, 870
328, -1998, 1223
510, -1998, 1812
-,-,-
39, -83, 0
-16, 169, -90
-141, 807, -150
-268, 1646, -267
-251, 1970, 255
-379, 1809, 453
-279, 1719, 148
-279, 1719, 148
-177, 1142, -53
-140, 215, 138
-5, -861, 466
324, -1854, 766
282, -1998, 1173
253, -1998, 1747
-,-,-
142, 10, -33
55, 302, -165
-93, 805, -155
-295, 1275, 216
-323, 1477, 549
-529, 1491, 242
-262, 1139, 591
-262, 1139, 591
-15, 831, 272
-43, 177, -22
-66, -748, -222
171, -1791, 243
509, -1998, 537
742, -1998, 720
865, -1998, 976
1027, -1998, 1657
1001, -1998, 1981
-,-,-
1, 78, 114
33, 393, 160
-8, 1029, 163
-8, 1029, 163
-367, 1642, 195
-317, 1924, 253
-357, 1608, 688
-294, 1301, 503
-378, 762, 11
-245, 0, -134
-245, 0, -134
239, -1091, -22
513, -1918, -224
480, -1998, 353
512, -1998, 918
868, -1998, 1991
1158, -1998, 1998
940, -1998, 1998
-,-,-
66, 0, 66
37, 40, -135
-26, 141, 2
-26, 141, 2
-127, 518, -26
-238, 1271, -302
-399, 1580, -149
-492, 1263, 601
-161, 1319, 489
73, 1097, 323
-12, 638, 32
-12, 638, 32
-2, -262, 215
43, -1440, 384
221, -1998, 345
400, -1998, 719
677, -1998, 1364
677, -1998, 1364
982, -1998, 1887
-,-,-
68, 53, -212
-8, 224, -251
-152, 597, -132
-377, 1393, -484
-573, 1709, -134
-429, 1596, 267
-248, 1508, 247
-269, 1250, 496
-137, 700, 639
-137, 700, 639
119, -272, 578
485, -1481, 419
752, -1998, 600
349, -1998, 944
240, -1998, 1705
366, -1998, 1998
-,-,-
88, -26, 2
88, -26, 2
33, 464, 30
33, 464, 30
-168, 1226, -53
-58, 1986, -393
-311, 1977, 115
-580, 1619, 463
-378, 1373, 422
-285, 653, 246
-80, -521, 204
-80, -521, 204
332, -1696, 142
564, -1998, 674
457, -1998, 1353
411, -1998, 1738
554, -1998, 1811
825, -1998, 1733
-,-,-
-170, 443, -457
-159, 811, -165
-3, 1213, 361
9, 1325, 312
-180, 1371, 316
-134, 1086, 735
-134, 1086, 735
-50, 693, 851
-120, -1, 457
-161, -1026, 414
-64, -1947, 379
-17, -1998, 346
178, -1998, 977
612, -1998, 1707
852, -1998, 1998
822, -1998, 1981
-,-,-
-48, 56, -72
-48, 56, -72
-65, 717, -148
-64, 1403, -97
-155, 1815, 68
-280, 1900, 30
-280, 1900, 30
-518, 1605, 102
-293, 1277, -41
-113, 364, 195
-64, -559, 247
127, -1445, 467
250, -1991, 907
369, -1998, 1850
346, -1998, 1853
334, -1998, 1653
454, -1998, 1524
625, -1998, 1663
-,-,-
-42, 42, -109
-149, 314, 106
-232, 851, 41
-419, 1425, 14
-419, 1425, 14
-590, 1815, 462
-747, 1620, 794
-412, 1320, 495
53, 910, 155
232, -6, 14
320, -928, -363
320, -928, -363
458, -1887, -293
332, -1998, 208
495, -1998, 1200
913, -1998, 1962
1361, -1998, 1985
1445, -1998, 1998
-,-,-
-43, 417, -215
-47, 964, -218
0, 1572, -2
0, 1572, -2
-166, 1784, 472
-425, 1514, 504
-217, 1300, -185
61, 721, -45
-34, -24, 5
-34, -24, 5
146, -984, 37
226, -1880, 411
362, -1998, 1384
577, -1998, 1995
1001, -1998, 1998
1095, -1998, 1998
-,-,-
-40, -79, 41
-140, 131, -14
-178, 596, -80
-281, 1486, -55
-311, 1854, 31
-311, 1854, 31
-561, 1457, 751
-306, 1243, 384
156, 1112, -204
269, 321, -21
357, -598, 76
359, -1481, -312
182, -1998, -26
182, -1998, -26
76, -1998, 799
-,-,-
-142, 659, -140
-142, 659, -140
-168, 1454, -124
-383, 1949, -23
-639, 1725, 376
-505, 1532, 85
-245, 1321, -148
-29, 750, 110
61, -129, 198
295, -1176, 42
295, -1176, 42
326, -1960, 206
341, -1998, 754
