-,-,-
38, -989, 230
30, -935, 174
2, -978, 31
133, -929, 96
271, -868, 191
271, -868, 191
196, -848, 190
-35, -914, -67
105, -862, -27
435, -699, 274
577, -643, 361
430, -670, 221
430, -670, 221
261, -725, 9
401, -678, 241
569, -639, 415
396, -731, 364
71, -885, 168
71, -885, 168
-36, -949, 114
-73, -1009, 244
-111, -1052, 350
-287, -1115, 249
-656, -1339, 154
-590, -1283, 190
-540, -1258, 264
-545, -1239, 261
-642, -1242, 161
-711, -1268, 125
-582, -1167, 248
-597, -1154, 306
-618, -1119, 182
-615, -1092, 128
-533, -1049, 199
-471, -1035, 358
-471, -1035, 358
-413, -1030, 285
-276, -999, 332
-162, -952, 277
-233, -997, 286
-106, -953, 282
105, -879, 287
164, -908, 289
264, -864, 352
336, -850, 383
336, -850, 383
243, -927, 293
135, -1031, 364
149, -1045, 324
226, -1018, 365
296, -979, 314
247, -1079, 240
208, -1169, 249
306, -1161, 362
474, -1093, 446
474, -1093, 446
434, -1150, 406
340, -1227, 334
282, -1238, 274
326, -1214, 301
341, -1196, 343
215, -1255, 282
98, -1285, 254
128, -1258, 190
238, -1189, 234
238, -1189, 234
252, -1123, 240
204, -1066, 125
144, -1037, 22
175, -998, 69
125, -1004, 82
97, -964, 124
45, -961, 74
45, -961, 74
-60, -1032, 96
-43, -910, 122
-24, -757, 43
-74, -756, 37
-74, -756, 37
-193, -778, 53
-287, -785, 118
-361, -749, 122
-348, -720, 39
-330, -747, 47
-,-,-
-86, -1017, 65
-83, -993, 117
36, -919, 215
112, -892, 265
123, -887, 87
-13, -973, 24
-13, -973, 24
40, -920, 155
235, -813, 240
381, -764, 274
296, -790, 213
124, -872, 204
124, -872, 204
190, -798, 185
290, -750, 257
238, -785, 335
52, -853, 228
-126, -935, 145
-141, -954, 178
-86, -924, 221
-86, -924, 221
-147, -973, 172
-132, -976, 157
-200, -1052, 181
-262, -1070, 252
-232, -1057, 318
-271, -1089, 407
-520, -1198, 338
-673, -1238, 261
-638, -1194, 262
-573, -1145, 338
-566, -1140, 277
-568, -1120, 235
-539, -1080, 253
-428, -1002, 386
-384, -954, 451
-376, -926, 314
-376, -926, 314
-361, -905, 287
-227, -847, 412
-120, -829, 550
-231, -920, 393
-302, -951, 226
-273, -926, 202
-121, -871, 311
21, -859, 394
-76, -969, 373
-76, -969, 373
-109, -1031, 387
-55, -1031, 334
42, -1019, 432
184, -984, 458
201, -1042, 410
155, -1139, 346
274, -1119, 374
452, -1054, 420
452, -1054, 420
564, -1020, 464
518, -1041, 384
411, -1103, 361
386, -1090, 345
332, -1104, 335
251, -1145, 333
188, -1167, 306
142, -1200, 323
181, -1184, 369
242, -1139, 336
214, -1114, 341
214, -1114, 341
237, -1051, 274
188, -1056, 281
143, -1043, 208
204, -968, 207
233, -934, 264
152, -939, 161
-100, -1105, 149
-79, -1090, 195
93, -986, 277
93, -986, 277
133, -938, 282
0, -955, 133
-63, -943, 87
-61, -874, 194
-61, -874, 194
-79, -819, 181
-114, -794, 148
-230, -801, 23
-299, -802, 8
-160, -753, 66
-139, -785, 89
-139, -785, 89
-199, -816, -7
-198, -819, -11
-195, -884, 36
-71, -841, 186
-3, -823, 219
-,-,-
0, -962, 147
22, -912, 174
18, -949, 132
18, -949, 132
24, -916, 198
92, -836, 124
196, -770, 92
302, -741, 121
396, -683, 244
396, -683, 244
367, -681, 262
320, -694, 271
264, -715, 278
190, -750, 322
97, -787, 329
3, -872, 252
3, -872, 252
-72, -927, 147
-218, -997, 171
-227, -1015, 287
-247, -1050, 202
-360, -1108, 192
-494, -1187, 171
-470, -1157, 269
-462, -1160, 388
-572, -1204, 380
-767, -1271, 362
-767, -1271, 362
-718, -1182, 308
-523, -1046, 352
-446, -975, 401
-503, -1007, 335
-612, -1060, 323
-493, -972, 417
-371, -907, 403
-282, -852, 410
-228, -865, 387
-162, -876, 448
-131, -905, 439
-17, -875, 423
86, -893, 366
86, -893, 366
136, -942, 393
220, -973, 413
341, -1013, 475
438, -1031, 564
561, -1030, 519
653, -1030, 547
610, -1108, 522
610, -1108, 522
566, -1141, 574
487, -1153, 585
372, -1181, 452
282, -1208, 485
246, -1216, 521
239, -1218, 479
156, -1251, 457
170, -1230, 405
208, -1184, 397
221, -1149, 396
221, -1149, 396
244, -1092, 332
165, -1109, 314
122, -1076, 281
180, -993, 263
219, -937, 261
45, -984, 118
-58, -988, 131
-58, -988, 131
62, -870, 345
29, -798, 334
-90, -787, 173
-350, -828, 172
-342, -766, 108
-255, -698, 144
-228, -651, 46
-228, -651, 46
-353, -671, 36
-444, -711, 150
-327, -689, 176
-,-,-
-15, -968, 215
-1, -975, 108
29, -933, 5
23, -938, 147
60, -907, 221
60, -907, 221
149, -857, 161
136, -847, 148
108, -844, 146
149, -797, 231
223, -780, 222
223, -780, 222
253, -768, 283
202, -758, 263
107, -781, 165
189, -771, 220
291, -704, 304
216, -763, 321
216, -763, 321
35, -848, 265
-171, -960, 163
-147, -989, 269
-61, -989, 364
-203, -1080, 335
-491, -1216, 224
-640, -1315, 217
-644, -1303, 385
-663, -1288, 414
-670, -1272, 400
-671, -1212, 397
-652, -1139, 422
-597, -1039, 408
-454, -919, 340
-454, -919, 340
-416, -906, 330
-372, -884, 347
-351, -891, 399
-333, -944, 422
-180, -917, 282
-52, -914, 419
18, -945, 497
-8, -1003, 453
-8, -1003, 453
89, -983, 271
217, -947, 400
396, -875, 602
359, -921, 612
270, -993, 461
270, -993, 461
235, -1034, 346
298, -999, 404
384, -1018, 392
424, -1049, 470
373, -1087, 350
284, -1148, 294
247, -1165, 374
246, -1175, 365
243, -1186, 376
243, -1186, 376
174, -1237, 382
139, -1262, 381
154, -1244, 359
137, -1232, 306
150, -1183, 302
233, -1108, 353
202, -1098, 334
129, -1104, 308
153, -989, 263
157, -945, 204
157, -945, 204
73, -951, 138
-33, -972, 94
-102, -929, 138
-108, -900, 168
-56, -873, 260
-19, -752, 283
-19, -752, 283
-199, -774, 235
-294, -817, 291
-284, -819, 231
-240, -783, 183
-216, -732, 143
-,-,-
4, -913, 217
13, -925, 118
13, -925, 118
101, -863, 121
179, -827, 119
211, -796, 85
193, -755, 249
220, -734, 255
220, -734, 255
241, -704, 280
230, -694, 305
193, -672, 323
152, -695, 289
173, -723, 234
263, -692, 272
263, -692, 272
261, -703, 361
49, -827, 413
-277, -1043, 278
-388, -1146, 306
-424, -1225, 301
-441, -1239, 302
-538, -1265, 349
-716, -1335, 353
-785, -1343, 420
-687, -1254, 437
-628, -1154, 466
-600, -1086, 371
-599, -1044, 397
-568, -987, 435
-568, -987, 435
-505, -906, 442
-484, -885, 473
-461, -862, 453
-407, -852, 479
-323, -838, 486
-267, -861, 460
-192, -875, 501
-83, -859, 467
7, -850, 422
7, -850, 422
9, -931, 399
103, -937, 335
225, -919, 396
324, -949, 519
324, -949, 519
592, -874, 584
631, -904, 654
618, -964, 564
617, -1007, 505
503, -1115, 484
506, -1136, 490
488, -1154, 509
453, -1177, 547
453, -1177, 547
307, -1250, 664
263, -1248, 658
330, -1179, 604
282, -1161, 538
266, -1107, 450
292, -1045, 463
232, -1050, 406
153, -1066, 342
114, -1049, 313
175, -967, 352
175, -967, 352
200, -957, 372
114, -956, 325
22, -972, 275
82, -868, 252
126, -815, 205
126, -815, 205
43, -821, 190
-127, -848, 138
-64, -774, 111
35, -705, 238
0, -676, 210
0, -676, 210
-335, -825, 225
-315, -804, 201
-239, -778, 345
-146, -736, 288
-203, -758, 243
-340, -833, 145
-326, -834, 212
-,-,-
19, -897, 184
117, -812, 253
206, -761, 238
134, -782, 227
172, -763, 155
172, -763, 155
286, -697, 286
358, -654, 394
266, -667, 294
228, -665, 238
169, -729, 317
127, -749, 334
127, -749, 334
126, -768, 361
27, -833, 253
-64, -896, 321
-165, -969, 374
-284, -1075, 377
-377, -1131, 353
-561, -1180, 303
-722, -1289, 401
-732, -1289, 493
-732, -1289, 493
-661, -1238, 423
-766, -1250, 462
-795, -1207, 401
-758, -1152, 494
-689, -1059, 499
-575, -943, 396
-510, -878, 394
-415, -823, 436
-374, -820, 433
-343, -891, 424
-209, -833, 446
-52, -772, 560
109, -734, 589
109, -734, 589
26, -894, 296
-39, -1007, 231
72, -971, 376
302, -888, 552
366, -976, 505
296, -1074, 438
296, -1074, 438
399, -1053, 457
476, -1032, 574
507, -1031, 531
470, -1053, 418
399, -1089, 430
371, -1087, 469
303, -1114, 582
231, -1144, 528
129, -1205, 472
140, -1181, 411
140, -1181, 411
150, -1149, 397
124, -1112, 375
113, -1123, 358
151, -1076, 345
185, -1037, 356
194, -1013, 315
159, -992, 329
87, -1027, 314
109, -1028, 298
109, -1028, 298
118, -1015, 281
60, -1003, 302
-27, -1033, 291
-2, -990, 308
11, -968, 365
-11, -922, 358
-72, -896, 310
-72, -896, 310
-135, -885, 312
-83, -797, 346
-65, -739, 377
-110, -706, 303
-245, -776, 335
-165, -710, 331
-130, -690, 311
-185, -690, 183
-185, -701, 183
-236, -743, 99
-,-,-
127, -879, 176
127, -879, 176
213, -842, 223
216, -846, 225
142, -829, 141
246, -765, 218
384, -692, 360
384, -692, 360
410, -671, 379
323, -670, 361
254, -707, 211
280, -699, 307
285, -702, 436
131, -780, 432
131, -780, 432
-52, -858, 345
-183, -922, 352
-170, -925, 376
-309, -983, 479
-462, -1014, 362
-654, -1096, 226
-739, -1165, 223
-682, -1124, 261
-640, -1085, 266
-679, -1098, 291
-704, -1099, 252
-739, -1135, 321
-691, -1106, 410
-603, -1053, 375
-601, -1042, 360
-515, -996, 351
-515, -996, 351
-425, -1001, 421
-243, -944, 601
-89, -901, 604
-36, -893, 620
-56, -932, 471
-87, -984, 370
81, -941, 429
81, -941, 429
270, -899, 520
331, -941, 550
484, -924, 523
528, -983, 546
557, -998, 559
514, -1035, 539
514, -1035, 539
449, -1077, 466
386, -1101, 467
353, -1104, 462
340, -1082, 536
260, -1127, 531
219, -1131, 496
178, -1146, 412
185, -1146, 423
202, -1102, 409
216, -1103, 413
216, -1103, 413
267, -1066, 484
196, -1084, 439
121, -1090, 379
150, -1031, 291
164, -1033, 364
79, -1040, 387
-70, -1079, 289
-58, -1024, 266
80, -898, 160
80, -898, 160
187, -805, 198
39, -842, 237
-76, -871, 163
56, -778, 188
112, -697, 249
112, -697, 249
-10, -688, 318
-261, -786, 351
-201, -704, 335
-216, -709, 460
-220, -682, 353
-224, -691, 270
-291, -759, 278
-251, -738, 286
-,-,-
91, -802, 220
91, -802, 220
82, -888, 191
-25, -909, 360
143, -696, 185
369, -577, 174
460, -550, 261
460, -550, 261
346, -635, 271
309, -686, 358
221, -752, 335
132, -815, 284
189, -824, 309
109, -863, 429
109, -863, 429
24, -916, 366
-122, -962, 350
-281, -1057, 327
-320, -1080, 399
-335, -1103, 371
-452, -1140, 345
-586, -1203, 370
-681, -1233, 392
-673, -1197, 432
-652, -1171, 431
-677, -1131, 435
-665, -1104, 411
-556, -1042, 416
-455, -975, 409
-397, -947, 405
-397, -947, 405
-354, -928, 485
-295, -923, 483
-186, -919, 501
-7, -859, 389
90, -833, 435
166, -816, 428
122, -909, 420
122, -909, 420
269, -901, 392
343, -933, 402
391, -930, 471
374, -950, 386
313, -1061, 440
374, -1059, 428
390, -1052, 442
390, -1052, 442
400, -1060, 403
391, -1098, 381
399, -1092, 423
287, -1153, 431
223, -1199, 448
225, -1219, 474
287, -1190, 499
320, -1158, 532
248, -1137, 408
108, -1182, 251
108, -1182, 251
44, -1197, 236
166, -1128, 424
279, -1012, 493
152, -1068, 330
43, -1056, 285
52, -1011, 274
109, -997, 454
125, -970, 334
125, -970, 334
73, -959, 363
137, -885, 298
184, -859, 339
158, -843, 307
-10, -836, 334
-10, -836, 334
-111, -896, 261
28, -792, 382
23, -736, 422
-149, -720, 414
-221, -735, 300
-146, -687, 292
-114, -680, 308
-162, -680, 321
-162, -674, 321
-233, -729, 117
-250, -716, 273
-,-,-
97, -887, 295
97, -887, 295
151, -854, 326
181, -765, 317
139, -801, 169
187, -707, 181
357, -575, 311
357, -575, 311
489, -494, 304
343, -576, 342
168, -701, 280
197, -708, 349
235, -696, 458
107, -781, 451
107, -781, 451
-102, -958, 451
-134, -1019, 277
-288, -1118, 367
-591, -1249, 455
-891, -1359, 312
-975, -1353, 149
-825, -1240, 192
-699, -1163, 265
-653, -1129, 399
-601, -1098, 386
-502, -1035, 362
-456, -1018, 443
-409, -1004, 429
-422, -1035, 418
-433, -1058, 378
-144, -925, 502
156, -809, 493
156, -809, 493
109, -894, 456
57, -956, 357
49, -1013, 372
306, -941, 408
591, -827, 488
552, -867, 470
552, -867, 470
437, -982, 345
443, -1000, 375
535, -967, 423
480, -985, 452
316, -1109, 357
268, -1166, 327
312, -1193, 370
312, -1193, 370
295, -1249, 450
182, -1354, 480
189, -1369, 469
328, -1290, 531
382, -1240, 581
339, -1166, 445
201, -1220, 234
202, -1170, 253
247, -1061, 240
312, -999, 254
312, -999, 254
214, -1015, 216
115, -1012, 164
73, -966, 123
78, -907, 25
105, -858, 43
105, -858, 43
117, -825, 154
-42, -896, 231
-75, -914, 261
-180, -900, 362
-171, -807, 370
-111, -678, 357
-259, -741, 309
-259, -741, 309
-239, -693, 318
-139, -643, 337
-102, -611, 257
-178, -673, 94
-,-,-
79, -884, 274
79, -884, 274
136, -843, 193
132, -826, 179
187, -828, 248
273, -737, 374
320, -619, 209
320, -619, 209
409, -546, 202
531, -541, 285
415, -600, 474
275, -643, 318
248, -622, 155
201, -658, 288
201, -658, 288
127, -720, 292
-117, -931, 208
-93, -986, 74
-178, -1052, 334
-366, -1200, 385
-632, -1355, 339
-780, -1474, 249
-874, -1514, 332
-915, -1493, 389
-806, -1365, 297
-675, -1263, 332
-533, -1164, 505
-390, -1053, 550
-325, -981, 513
-325, -981, 513
-269, -914, 484
-223, -873, 456
-190, -846, 429
-206, -871, 431
-119, -855, 398
-17, -852, 343
47, -835, 312
111, -854, 367
111, -854, 367
164, -911, 357
140, -1010, 371
157, -1050, 388
335, -988, 449
521, -934, 587
534, -952, 543
459, -980, 332
459, -980, 332
448, -1007, 317
573, -946, 382
585, -917, 446
424, -992, 312
297, -1037, 228
255, -1068, 262
244, -1082, 377
244, -1082, 377
206, -1140, 344
212, -1211, 290
268, -1217, 393
261, -1234, 527
215, -1275, 433
171, -1291, 295
224, -1211, 273
291, -1111, 318
247, -1106, 302
158, -1145, 189
89, -1149, 186
89, -1149, 186
112, -1099, 288
118, -1076, 290
86, -1025, 178
95, -958, 182
155, -840, 140
72, -891, 211
72, -891, 211
13, -877, 159
2, -774, 167
-8, -724, 207
-29, -722, 278
-29, -722, 278
-104, -717, 353
-191, -692, 416
-189, -664, 355
-164, -634, 356
-252, -717, 151
-,-,-
13, -914, 204
115, -854, 215
210, -798, 207
289, -721, 185
254, -741, 147
321, -720, 229
321, -720, 229
464, -650, 340
534, -593, 262
417, -685, 291
377, -672, 424
257, -705, 438
69, -757, 369
69, -757, 369
33, -756, 299
-38, -788, 295
-226, -917, 341
-464, -1065, 270
-515, -1095, 197
-645, -1214, 289
-769, -1311, 359
-918, -1389, 358
-879, -1346, 281
-763, -1253, 252
-816, -1287, 414
-811, -1246, 416
-811, -1246, 416
-655, -1116, 368
-508, -1025, 396
-417, -938, 439
-391, -932, 513
-365, -925, 479
-372, -914, 368
-245, -874, 347
20, -745, 493
109, -706, 524
34, -741, 388
34, -741, 388
-18, -855, 179
96, -873, 252
248, -851, 321
311, -915, 388
215, -1094, 323
215, -1094, 323
259, -1133, 314
347, -1094, 403
430, -1070, 488
454, -1068, 353
442, -1088, 299
401, -1126, 348
342, -1178, 411
343, -1192, 373
345, -1202, 377
292, -1255, 401
292, -1255, 401
175, -1366, 549
222, -1334, 401
210, -1319, 353
302, -1185, 218
301, -1142, 267
204, -1164, 305
194, -1121, 317
182, -1063, 284
109, -1025, 143
113, -1006, 188
227, -914, 294
227, -914, 294
109, -928, 272
-26, -910, 202
-37, -893, 207
-24, -844, 333
-73, -829, 348
-123, -775, 305
-123, -775, 305
-298, -784, 164
-311, -745, 188
-207, -666, 260
-139, -644, 223
-222, -649, 121
-264, -678, 153
-203, -693, 185
-80, -708, 263
11, -657, 305
-,-,-
97, -922, 48
177, -825, 111
194, -798, 100
185, -787, 31
241, -732, 15
241, -732, 15
327, -627, 161
445, -532, 200
452, -509, 304
412, -516, 277
310, -577, 308
237, -628, 292
237, -628, 292
159, -697, 279
164, -733, 321
88, -767, 348
-94, -865, 409
-451, -1102, 360
-554, -1208, 369
-466, -1168, 313
-589, -1298, 447
-589, -1298, 447
-944, -1539, 561
-1175, -1641, 433
-1104, -1566, 426
-867, -1348, 483
-713, -1189, 531
-613, -1051, 660
-559, -969, 599
-497, -890, 475
-430, -888, 322
-231, -823, 266
-16, -792, 451
169, -794, 439
291, -884, 463
395, -993, 476
395, -993, 476
548, -1100, 580
754, -1138, 694
874, -1188, 709
825, -1249, 688
740, -1300, 569
775, -1275, 458
749, -1279, 374
693, -1230, 332
523, -1284, 283
523, -1284, 283
358, -1359, 182
363, -1345, 213
453, -1246, 262
293, -1283, 128
88, -1304, -16
108, -1228, 154
230, -1017, 241
162, -845, 311
-38, -705, 258
-38, -705, 258
-258, -602, 152
-418, -558, 281
-527, -533, 302
-464, -413, 207
-352, -439, 164
-,-,-
175, -845, 217
187, -815, 87
187, -815, 87
309, -673, 142
383, -610, 186
377, -540, 256
320, -513, 230
410, -428, 162
709, -250, 218
709, -250, 218
766, -193, 279
467, -380, 365
300, -496, 162
129, -660, 351
-35, -850, 317
-529, -1177, 301
-766, -1341, 249
-766, -1341, 249
-776, -1374, 457
-894, -1460, 507
-1219, -1616, 502
-1361, -1614, 358
-1241, -1453, 350
-948, -1228, 402
-785, -1125, 524
-752, -1081, 548
-573, -973, 525
-431, -920, 548
-255, -870, 451
-8, -891, 470
188, -922, 488
360, -950, 600
557, -988, 694
557, -988, 694
721, -1027, 715
832, -1029, 507
915, -1071, 515
969, -1111, 632
768, -1263, 554
618, -1301, 377
501, -1322, 363
441, -1285, 315
397, -1267, 219
397, -1267, 219
338, -1271, 192
310, -1244, 153
328, -1229, 430
387, -1159, 401
338, -1108, 145
274, -1106, 178
272, -1066, 169
315, -1017, 190
342, -903, 101
156, -912, 118
156, -912, 118
70, -905, 175
8, -868, 272
-135, -748, 207
-376, -690, -4
-412, -637, 205
-412, -637, 205
-297, -492, 236
-346, -480, 325
-464, -533, 199
-338, -501, 238
-,-,-
313, -707, 141
406, -636, 113
416, -576, -32
416, -576, -32
402, -568, 38
504, -483, 214
497, -415, 327
561, -328, 274
703, -298, 213
703, -298, 213
590, -373, 401
351, -465, 404
43, -580, 208
-148, -713, 242
-294, -838, 249
-564, -1068, 323
-867, -1304, 246
-1133, -1544, 383
-1355, -1693, 464
-1476, -1774, 485
-1337, -1639, 462
-1030, -1398, 572
-828, -1204, 643
-749, -1078, 594
-586, -916, 468
-411, -848, 573
-411, -848, 573
-229, -783, 449
-45, -758, 344
126, -762, 293
248, -872, 329
485, -935, 425
851, -947, 609
994, -1059, 610
994, -1059, 610
956, -1214, 582
1016, -1257, 708
926, -1321, 658
742, -1381, 442
548, -1473, 294
497, -1430, 321
468, -1358, 258
354, -1356, 232
355, -1293, 160
372, -1234, 182
329, -1202, 170
329, -1202, 170
225, -1237, 106
162, -1206, 34
229, -1010, 119
282, -871, 272
210, -732, 340
-98, -660, 322
-452, -632, 87
-452, -632, 87
-471, -553, 199
-292, -393, 354
-326, -343, 339
-500, -407, 166
-548, -460, 139
-,-,-
215, -773, 157
329, -663, 79
342, -665, 7
204, -668, 133
293, -549, 81
293, -549, 81
456, -414, 132
425, -333, 345
513, -239, 241
600, -204, 304
799, -129, 297
799, -129, 297
791, -156, 367
330, -448, 442
-366, -878, 196
-793, -1251, 278
-1075, -1517, 358
-1463, -1791, 361
-1821, -1998, 330
-1698, -1877, 274
-1321, -1581, 473
-1015, -1328, 558
-956, -1188, 580
-867, -1071, 512
-649, -891, 536
-477, -827, 530
-211, -743, 468
85, -704, 305
85, -704, 305
205, -790, 278
365, -899, 460
652, -958, 472
880, -1068, 500
1086, -1102, 578
1123, -1187, 777
993, -1324, 633
829, -1411, 415
829, -1411, 415
634, -1512, 399
553, -1468, 387
502, -1435, 325
518, -1388, 302
512, -1310, 310
292, -1345, 237
131, -1329, 86
194, -1160, 116
217, -991, 195
217, -991, 195
-27, -1016, 206
-89, -888, 239
-192, -768, 232
-429, -731, 225
-480, -642, 157
-336, -481, 254
-162, -350, 324
-130, -291, 299
-242, -368, 207
-242, -368, 207
-248, -413, 316
-282, -526, 284
-218, -539, 304
-,-,-
209, -766, 159
224, -743, -43
206, -706, 189
364, -489, 152
364, -489, 152
454, -338, 66
671, -121, 26
1103, 172, 146
1381, 324, 434
1173, 214, 409
1173, 214, 409
619, -112, 339
-301, -722, 240
-1233, -1293, 136
-1895, -1736, 97
-1906, -1839, 170
-1654, -1692, 291
-1445, -1553, 497
-1264, -1404, 659
-1037, -1208, 594
-799, -997, 499
-377, -776, 420
-270, -842, 249
-122, -925, 286
259, -951, 352
505, -1110, 416
881, -1257, 613
881, -1257, 613
1060, -1469, 789
1098, -1591, 845
1017, -1672, 844
813, -1774, 794
693, -1716, 722
587, -1599, 537
464, -1545, 450
406, -1472, 200
419, -1403, 134
380, -1331, 38
148, -1286, -86
148, -1286, -86
38, -1111, 2
154, -779, 206
250, -469, 366
-89, -393, 370
-299, -304, 260
-487, -252, 338
-555, -226, 197
-555, -226, 197
-635, -309, 140
-,-,-
63, -1041, 118
-32, -1027, 197
60, -890, 21
360, -640, 59
613, -484, 78
632, -352, 407
632, -352, 407
650, -192, 195
678, -176, 184
684, -196, 367
820, -159, 230
626, -255, 353
177, -533, 225
177, -533, 225
-264, -808, 426
-491, -1038, 330
-792, -1182, 109
-1344, -1515, 193
-1670, -1793, 427
-1657, -1785, 489
-1604, -1714, 553
-1424, -1509, 507
-1073, -1267, 723
-759, -1121, 859
-588, -1075, 782
-616, -1084, 597
-445, -935, 452
236, -698, 391
752, -691, 289
1047, -760, 408
1008, -1023, 481
1279, -1056, 483
1509, -1120, 637
1602, -1103, 545
1602, -1103, 545
1052, -1423, 366
637, -1650, 246
575, -1681, 254
649, -1633, 342
705, -1559, 248
491, -1661, 160
557, -1499, 338
403, -1262, 245
52, -1125, 66
35, -880, 282
35, -880, 282
-135, -667, 486
-335, -468, 342
-526, -370, 75
-583, -311, 77
-126, -44, 314
-22, -14, 340
-22, -14, 340
-208, -170, 162
-,-,-
110, -930, -66
369, -739, 49
556, -562, 283
556, -562, 283
772, -442, 208
935, -318, 5
1232, -81, 113
1423, 107, 334
1106, 9, 482
1106, 9, 482
398, -284, 224
-146, -698, 7
-144, -672, 136
-417, -874, 275
-903, -1236, 229
-1247, -1476, 276
-1315, -1518, 426
-1378, -1591, 437
-1387, -1563, 436
-1305, -1436, 335
-1188, -1349, 603
-832, -1091, 599
-630, -981, 677
-555, -938, 519
-555, -938, 519
-461, -970, 418
-85, -912, 571
233, -892, 532
324, -969, 469
447, -1139, 484
899, -1077, 745
1248, -1049, 803
1172, -1225, 545
1098, -1399, 640
1169, -1354, 662
1009, -1410, 648
1009, -1410, 320
711, -1478, 320
475, -1556, 303
538, -1454, 198
747, -1312, 317
815, -1223, 272
443, -1328, 115
358, -1190, 173
353, -948, 173
278, -685, 117
-337, -703, -50
-337, -703, -50
-684, -671, -13
-766, -579, 231
-650, -426, 370
-421, -232, 314
-515, -325, 225
-,-,-
383, -734, 229
363, -642, 46
472, -487, -103
568, -369, 85
609, -261, 276
609, -261, 276
811, -114, 202
772, -75, 385
616, -86, 440
285, -307, 361
39, -529, 308
39, -529, 308
-294, -754, 237
-754, -1040, 366
-1198, -1377, 223
-1508, -1661, 260
-1618, -1694, 321
-1752, -1771, 418
-1553, -1607, 543
-1257, -1328, 547
-1108, -1190, 645
-888, -1011, 655
-671, -894, 623
-368, -810, 499
-200, -850, 453
14, -885, 507
391, -861, 557
695, -977, 632
695, -977, 632
945, -1068, 601
1042, -1202, 593
1319, -1154, 801
1257, -1294, 752
1029, -1434, 536
714, -1577, 449
420, -1676, 390
417, -1600, 500
627, -1429, 500
622, -1438, 281
451, -1484, 100
203, -1525, 194
203, -1525, 194
110, -1404, 29
320, -1004, 81
216, -691, 57
-33, -485, 123
-148, -288, 263
-340, -222, 385
-384, -89, 261
-384, -89, 261
-705, -246, 301
-921, -444, 206
-,-,-
493, -584, 268
412, -567, 216
701, -369, 145
915, -203, 462
915, -203, 462
867, -117, 390
418, -297, 266
460, -265, 223
273, -356, 397
-246, -635, 334
-1087, -1127, 88
-1523, -1384, 171
-1656, -1536, 210
-1631, -1530, 336
-1763, -1599, 305
-1641, -1475, 472
-1101, -1164, 685
-896, -1033, 726
-870, -974, 666
-622, -816, 558
-622, -816, 558
-261, -719, 453
8, -862, 434
358, -869, 449
625, -916, 443
1000, -986, 579
1326, -1097, 701
1424, -1238, 802
1244, -1401, 597
1129, -1445, 669
818, -1574, 574
818, -1574, 574
595, -1600, 447
526, -1555, 423
553, -1497, 462
556, -1387, 417
230, -1406, 177
165, -1332, 142
285, -1179, 234
445, -868, 204
205, -753, 92
205, -753, 92
-128, -727, 7
-90, -532, 213
-3, -343, 462
-318, -306, 315
-1034, -568, -19
-737, -499, 285
-737, -499, 285
-635, -462, 391
-,-,-
14, -1324, 35
286, -1025, 349
653, -794, 209
613, -644, 166
731, -472, -192
1332, -20, 86
1836, 444, 699
1836, 444, 699
1709, 597, 527
1093, 459, 331
443, 101, 420
-348, -359, 385
-1535, -1115, 269
-1998, -1774, 84
-1998, -1998, 284
-1998, -1830, 457
-1820, -1537, 502
-1452, -1336, 736
-1052, -1131, 946
-639, -984, 1064
-350, -858, 609
-295, -965, 332
345, -872, 335
345, -872, 335
892, -872, 687
1090, -1053, 542
1298, -1244, 532
1685, -1256, 674
1813, -1285, 631
1189, -1705, 556
760, -1852, 308
684, -1861, 343
614, -1991, 317
380, -1998, 356
147, -1888, 332
193, -1420, 274
193, -1420, 274
416, -800, 338
-24, -493, 164
-713, -428, -156
-400, 13, 37
-280, 241, 169
-570, 93, 164
-570, 93, 164
-,-,-
200, -653, 86
341, -522, -134
544, -219, 14
544, -219, 14
495, -245, -140
797, -38, 213
1113, 204, 337
996, 104, 537
919, 20, 338
919, 20, 338
488, -285, 358
-464, -785, 284
-1312, -1313, 317
-1776, -1640, 498
-1998, -1845, 460
-1939, -1798, 486
-1596, -1545, 637
-1358, -1322, 805
-1172, -1118, 794
-920, -929, 801
-824, -873, 747
-831, -873, 580
-578, -847, 502
-233, -857, 370
-233, -857, 370
387, -743, 406
773, -840, 291
1077, -1073, 408
1381, -1264, 579
1697, -1425, 689
1563, -1718, 642
1150, -1931, 645
1035, -1888, 593
938, -1935, 607
717, -1998, 392
584, -1970, 252
667, -1478, 246
692, -894, 264
692, -894, 264
607, -379, 286
-152, -285, 132
-861, -287, -128
-1070, -261, 69
-,-,-
228, -775, -3
288, -889, 133
392, -672, 299
728, -303, 7
728, -303, 7
1283, 110, 9
1549, 431, 219
1200, 423, 478
694, 334, 369
694, 334, 369
361, 63, 529
-544, -470, 866
-1760, -1249, 410
-1998, -1877, 160
-1998, -1900, 267
-1998, -1477, 310
-1959, -1268, 665
-1589, -1188, 628
-987, -1138, 823
88, -1054, 856
1004, -1243, 785
1358, -1842, 571
1767, -1998, 772
1997, -1998, 1496
1997, -1998, 1901
1571, -1998, 1591
831, -1993, 1077
1084, -1238, 595
499, -519, -26
499, -519, -26
-117, 155, -682
-544, 404, -572
-691, 433, -76
-,-,-
40, -941, -141
40, -941, -141
315, -742, -71
657, -496, 178
1034, -78, -12
1769, 432, -201
1997, 779, 233
1793, 625, 534
1793, 625, 534
1217, 179, 811
787, 27, 820
-474, -621, 880
-1869, -1441, 711
-1998, -1957, 409
-1998, -1992, 595
-1998, -1600, 818
-1998, -1296, 933
-1998, -1001, 728
-1589, -646, 1196
-807, -429, 1189
-224, -514, 868
502, -652, 426
921, -1281, -92
1763, -1718, 604
1763, -1718, 604
1997, -1934, 1196
1997, -1998, 1242
1977, -1998, 1231
1640, -1919, 1324
1088, -1351, 780
1088, -1351, -176
-701, -324, -505
-701, -324, -505
-631, 267, -354
-,-,-
265, -626, -51
918, -180, 162
1359, 232, -4
1231, 284, 159
1231, 284, 159
1118, 277, 257
1021, 242, 546
219, -106, 612
-1193, -802, 475
-1988, -1415, 374
-1998, -1672, 660
-1998, -1722, 663
-1998, -1517, 753
-1998, -1236, 752
-1690, -825, 914
-1082, -600, 815
-618, -651, 684
225, -783, 512
1188, -1338, 541
1996, -1816, 1318
1997, -1961, 1957
1997, -1982, 1732
1967, -1998, 1808
1134, -1998, 1382
115, -1993, 819
-488, -1674, 127
-910, -1246, -313
-458, -657, 429
-458, -657, 429
35, -39, 568
-198, 243, 320
-866, 60, -119
-556, 206, 53
-,-,-
169, -885, -71
169, -885, -71
744, -630, 165
962, -605, 430
1724, -196, 30
1997, 89, 261
1851, 376, 291
838, 164, 449
838, 164, 449
-364, -197, 435
-1576, -849, 371
-1998, -1116, 419
-1998, -1227, 761
-1998, -1141, 896
-1998, -1015, 633
-1998, -949, 463
-1920, -759, 626
-1549, -615, 621
-1355, -609, 487
-798, -767, 718
502, -885, 751
1703, -1371, 1035
1997, -1845, 1650
1997, -1998, 1911
1997, -1998, 1998
1572, -1998, 1858
358, -1998, 1297
-118, -1988, 895
-491, -1404, 352
-527, -563, -50
-324, 107, 62
-324, 107, 62
-217, 471, 215
-365, 591, -50
-408, 456, 175
-344, 408, 90
-594, -5, 292
-,-,-
212, -751, 284
729, -478, 150
1268, -225, -233
1854, 204, 162
1997, 732, 15
1943, 922, 19
1943, 922, 19
1039, 437, 515
-707, -152, 792
-1996, -1366, 609
-1998, -1998, 557
-1998, -1975, 386
-1998, -1406, 924
-1998, -885, 834
-1760, -589, 912
-1315, -493, 900
-705, -373, 672
-223, -622, 332
378, -1108, 410
1251, -1623, 736
1902, -1996, 1160
1997, -1998, 1834
1997, -1986, 1950
1867, -1998, 1339
1129, -1998, 1005
935, -1998, 1031
505, -1669, 469
347, -913, 452
-132, -414, 435
-132, -414, 435
-697, -1, 221
-696, 359, 246
-737, 482, -21
-,-,-
917, -721, 202
917, -721, 202
1667, -256, 457
1963, -37, 603
1997, 301, 209
1997, 989, 162
1130, 839, 660
-1212, -166, 521
-1998, -1230, 737
-1998, -1835, 743
-1998, -1993, 527
-1998, -1607, 547
-1998, -715, 756
-1820, -360, 690
-1299, -181, 603
-980, -284, 122
-980, -284, 122
177, -248, 372
1143, -732, 500
1530, -1701, 601
1939, -1998, 1094
1997, -1998, 1878
1997, -1998, 1998
1648, -1998, 1851
678, -1998, 1328
-107, -1644, 772
-798, -937, 338
-854, 39, -310
-1113, 378, -575
-722, 517, -76
-390, 678, 419
-501, 441, 791
-,-,-
595, -629, 158
1205, -383, 304
1908, 13, 20
1908, 13, 20
1997, 637, -177
1997, 584, 213
1697, 465, 435
895, 549, 839
-976, -145, 938
-976, -145, 938
-1998, -1213, 170
-1998, -1847, 176
-1998, -1998, 531
-1998, -1635, 936
-1998, -1130, 913
-1998, -657, 580
-1678, -333, 791
-1125, -135, 648
-588, -140, 656
10, -359, 436
1040, -607, 518
1495, -1573, 909
1979, -1998, 1740
1997, -1875, 1998
1997, -1979, 1925
1313, -1998, 1311
293, -1998, 945
402, -1987, 723
680, -1432, 688
433, -743, 504
-216, -226, 214
-841, 67, 15
-841, 67, 15
-566, 564, 41
-,-,-
-162, -902, 196
39, -899, 90
399, -693, 264
495, -584, 263
495, -584, 263
492, -575, 29
912, -315, 176
1513, 49, 532
1563, 164, 661
1177, 166, 571
1177, 166, 571
722, -12, 358
197, -309, 467
-1108, -997, 720
-1996, -1737, 596
-1998, -1970, 570
-1998, -1874, 735
-1932, -1460, 937
-1850, -1156, 853
-1715, -932, 712
-1260, -723, 907
-929, -541, 602
-817, -585, 531
-759, -874, 177
87, -904, 432
698, -1280, 454
698, -1280, 454
1309, -1884, 704
1930, -1998, 949
1997, -1998, 1397
1997, -1998, 1712
1848, -1997, 1172
1632, -1545, 726
1210, -881, 274
116, -457, -155
-711, -208, -261
-841, -29, -89
-,-,-
259, -642, 275
259, -642, 275
632, -500, -125
1634, 42, 212
1986, 350, 558
1445, 48, 549
1345, 137, 758
1345, 137, 758
914, 16, 718
-350, -535, 756
-1492, -1146, 454
-1988, -1493, 480
-1998, -1724, 232
-1998, -1718, 486
-1998, -1360, 819
-1906, -955, 771
-1620, -790, 906
-1299, -577, 799
-1351, -608, 564
-993, -584, 710
-671, -737, 586
-276, -1027, 598
162, -1371, 505
652, -1727, 669
1624, -1843, 1391
1997, -1697, 1516
1997, -1763, 1375
1997, -1776, 1267
1997, -1566, 932
1854, -1386, 481
993, -1014, -144
993, -1014, -144
-58, -761, -437
-830, -642, -50
-681, -143, 481
-1115, -73, 356
-1746, -341, -53
-,-,-
582, -558, 160
582, -558, 160
753, -503, 20
1548, -69, 163
1997, 369, 402
1997, 619, 807
1606, 539, 559
511, 241, 683
511, 241, 683
-691, -182, 883
-1890, -873, 433
-1998, -1613, -26
-1998, -1878, 179
-1998, -1458, 647
-1972, -899, 1104
-1974, -810, 1148
-1642, -558, 795
-1272, -394, 644
-1188, -397, 527
-1289, -641, 465
-628, -603, 757
245, -595, 747
449, -1116, 495
800, -1736, 429
1830, -1835, 1249
1997, -1749, 1943
1997, -1992, 1809
1984, -1998, 1738
1658, -1998, 1359
670, -1918, 845
-278, -1546, 239
-563, -1052, 408
-381, -360, 524
-381, -360, 524
-201, 220, 178
-578, 390, -247
-1015, 185, -109
-550, 337, 297
-,-,-
366, -759, 179
307, -579, 73
631, -372, -146
1458, 66, 408
1961, 523, 332
1767, 435, 335
1767, 435, 335
1610, 371, 625
1635, 541, 1025
522, 128, 1103
-1353, -906, 633
-1998, -1573, 622
-1998, -1831, 565
-1998, -1942, 786
-1998, -1501, 912
-1998, -1114, 1206
-1998, -889, 988
-1813, -788, 905
-1364, -607, 684
-1130, -719, 642
-550, -733, 774
127, -880, 819
670, -1181, 477
1089, -1809, 706
1089, -1809, 706
1912, -1813, 1107
1997, -1704, 1272
1899, -1995, 1522
1460, -1998, 848
1460, -1998, 848
1126, -1948, 447
867, -1449, 170
-179, -1183, 140
-588, -681, 370
-353, 63, 333
-404, 369, 304
-,-,-
1439, -108, 250
1979, 265, -137
1997, 694, 204
1533, 469, 665
609, 106, 875
609, 106, 875
-513, -412, 1115
-1872, -1255, 634
-1998, -1589, 454
-1998, -1526, 463
-1998, -1349, 571
-1998, -1112, 523
-1966, -873, 651
-1658, -611, 535
-1573, -615, 512
-1425, -670, 660
-1040, -720, 874
-470, -823, 1032
-35, -1104, 890
202, -1555, 773
887, -1909, 992
1939, -1899, 1643
1997, -1807, 1699
1997, -1835, 1308
1956, -1967, 937
1383, -1998, 741
1060, -1695, 586
683, -1106, 114
-410, -825, -212
-870, -666, 205
-742, -113, 486
-513, 240, 464
-,-,-
426, -707, 401
558, -528, 287
614, -403, -347
1592, 179, 33
1997, 882, 294
1997, 882, 294
1972, 1153, 883
1638, 576, 895
704, 283, 874
-886, -341, 824
-1998, -1433, 634
-1998, -1890, 559
-1998, -1993, 568
-1998, -1590, 914
-1998, -1332, 1102
-1886, -1152, 1255
-1387, -797, 1130
-1119, -697, 966
-1090, -698, 811
-759, -720, 849
-212, -723, 1025
335, -834, 669
321, -1471, 684
920, -1857, 738
920, -1857, 738
1921, -1931, 1205
1997, -1962, 1281
1899, -1998, 916
1444, -1998, 1175
1440, -1998, 1566
791, -1672, 1157
-83, -970, 430
-196, -58, -44
-306, 477, -135
-,-,-
44, -783, 214
44, -783, 214
16, -752, 74
282, -419, -90
1363, 257, 4
1996, 805, 298
1996, 805, 298
1778, 803, 716
1026, 404, 925
837, 290, 1243
-881, -636, 823
-1998, -1647, 94
-1998, -1979, -187
-1998, -1914, -95
-1987, -1260, 356
-1518, -764, 566
-1071, -658, 845
-880, -700, 902
-787, -981, 976
-249, -1167, 709
452, -1311, 733
452, -1311, 733
919, -1734, 1000
1278, -1998, 1274
1971, -1982, 1911
1997, -1904, 1652
1819, -1989, 1039
870, -1998, 433
1425, -1998, 928
1739, -1855, 1201
848, -1311, 597
-167, -893, 261
-270, -243, 233
-500, 185, 164
-909, 260, -156
-1104, 163, -191
-584, 352, 358
-,-,-
622, -677, 535
379, -740, -261
622, -541, -295
1575, -52, 231
1816, 104, 126
1326, -22, -58
1232, -15, 178
1232, -15, 178
1075, 47, 722
209, -233, 850
-1115, -737, 757
-1951, -1167, 893
-1998, -1322, 1182
-1998, -1539, 1348
-1998, -1445, 1039
-1998, -1114, 922
-1984, -630, 721
-1611, -352, 673
-1254, -284, 786
-655, -265, 773
207, -343, 770
983, -628, 548
1416, -1080, 572
1743, -1654, 1048
1986, -1868, 1513
1997, -1868, 1704
1997, -1998, 1304
1493, -1998, 860
1326, -1998, 979
1603, -1902, 1293
576, -1463, 802
-208, -822, 423
-208, -822, 423
-716, -136, -47
-962, 177, -116
-936, 351, 31
-,-,-
453, -958, 237
453, -958, 237
1227, -394, 178
1334, -84, 395
1204, 39, 352
1268, 219, 607
1197, 348, 473
902, 265, 495
902, 265, 495
472, 56, 598
-131, -263, 760
-1306, -963, 778
-1969, -1363, 615
-1998, -1854, 705
-1998, -1705, 1110
-1998, -1253, 908
-1998, -1013, 970
-1720, -644, 857
-1502, -539, 888
-1433, -625, 785
-757, -630, 648
68, -797, 515
656, -1342, 427
656, -1342, 427
1180, -1953, 841
1847, -1998, 1442
1997, -1998, 1979
1997, -1998, 1727
1997, -1998, 1324
1813, -1942, 648
898, -1524, 154
62, -717, -442
-570, -200, -355
-529, 244, 348
-1009, 374, 425
-1130, 157, 433
-,-,-
580, -659, 115
865, -416, -175
1709, 143, 145
1997, 573, 475
1580, 501, 106
987, 194, 334
987, 194, 334
1295, 582, 619
545, 310, 820
-1014, -376, 565
-1972, -1138, 815
-1998, -1603, 1013
-1998, -1894, 1352
-1998, -1737, 1281
-1998, -1236, 1228
-1963, -969, 1238
-1534, -727, 1386
-1155, -638, 1230
-657, -522, 1042
30, -537, 829
936, -730, 688
1772, -1110, 509
1997, -1647, 881
1997, -1891, 1199
1997, -1878, 1061
1997, -1918, 1058
1997, -1978, 880
1567, -1883, 756
703, -1573, 820
62, -954, 492
62, -954, 492
-836, -589, 150
-1099, -179, 33
-1042, 17, 89
-,-,-
584, -414, 615
1076, 13, 311
930, 81, -624
897, -91, -94
897, -91, -94
1716, 325, 350
1997, 725, 716
1415, 484, 531
440, 116, 538
-418, -153, 853
-1754, -920, 919
-1998, -1788, 906
-1998, -1998, 1012
-1998, -1832, 1220
-1998, -1530, 1161
-1957, -1160, 976
-1406, -886, 1209
-614, -677, 1356
54, -646, 1325
331, -880, 885
331, -880, 885
776, -1132, 667
1622, -1316, 1068
1997, -1540, 1335
1997, -1879, 1169
1997, -1998, 1147
1992, -1998, 791
1577, -1998, 638
974, -1998, 784
951, -1653, 1064
827, -729, 1168
-171, -203, 525
-616, 277, 55
-1021, 398, -270
-1072, 354, -231
-623, 515, 174
-,-,-
376, -871, 181
881, -595, 233
763, -594, -9
1338, -312, 36
1994, 211, 357
1997, 472, 701
1997, 472, 701
1601, 261, 259
1047, 174, 477
76, 7, 797
-1676, -810, 728
-1998, -1509, 681
-1998, -1642, 589
-1998, -1455, 874
-1998, -1134, 777
-1998, -929, 827
-1617, -625, 933
-1148, -451, 727
-1144, -641, 850
-1144, -641, 850
-842, -754, 849
42, -708, 931
814, -830, 1181
949, -1348, 906
1584, -1577, 1172
1997, -1379, 1454
1997, -1451, 1244
1966, -1794, 857
1741, -1836, 694
1346, -1949, 509
817, -1998, 284
763, -1998, 471
780, -1777, 869
-211, -1386, 876
-408, -645, 668
-440, 154, 476
-440, 154, 476
-1091, 186, -173
-,-,-
187, -861, 251
459, -597, 294
882, -261, 7
882, -261, 7
1872, 283, -29
1997, 517, 251
1976, 621, 672
1436, 358, 543
1436, 358, 543
1160, 360, 680
42, 27, 809
-1839, -1098, 599
-1998, -1994, 549
-1998, -1998, 716
-1998, -1667, 1034
-1998, -1056, 822
-1868, -866, 657
-1226, -638, 1044
-774, -656, 1024
-690, -896, 845
-147, -992, 885
854, -962, 736
1186, -1472, 891
1283, -1987, 950
1937, -1911, 1413
1997, -1555, 1386
1967, -1892, 894
1519, -1998, 610
1131, -1998, 441
1276, -1809, 511
1276, -1809, 511
682, -1162, 583
-381, -777, 401
-384, -229, 440
-436, 277, 149
-944, 339, -205
-1109, 264, -8
-,-,-
288, -687, 60
489, -507, 40
489, -507, 40
1190, -145, 45
1936, 337, 75
1997, 560, 495
1557, 356, 623
932, 95, 339
932, 95, 339
338, -235, 632
-908, -696, 581
-1976, -1414, 490
-1998, -1791, 276
-1998, -1903, 353
-1998, -1706, 433
-1998, -1122, 718
-1590, -545, 1146
-858, -229, 981
-725, -427, 946
-263, -512, 682
366, -717, 595
366, -717, 564
689, -1208, 564
1192, -1587, 898
1856, -1804, 1325
1997, -1580, 1444
1997, -1724, 1137
1997, -1987, 1096
1928, -1998, 913
1449, -1894, 778
364, -1752, 514
-502, -1506, 263
-151, -879, 764
-122, -248, 824
-569, -124, 615
-,-,-
471, -914, 307
471, -914, 307
835, -765, 136
1563, -200, -230
1573, -58, -115
1343, -141, 418
1233, 28, 716
920, 126, 438
920, 126, 438
83, -157, 773
-1247, -686, 789
-1993, -1155, 563
-1998, -1293, 498
-1998, -1259, 739
-1998, -1185, 1005
-1998, -1021, 924
-1948, -795, 839
-1730, -647, 678
-1607, -626, 618
-1228, -598, 553
-627, -592, 689
-34, -781, 696
566, -1157, 985
1120, -1593, 1274
1916, -1724, 1549
1997, -1812, 1590
1997, -1995, 1327
1711, -1998, 1169
867, -1998, 847
797, -1998, 527
1331, -1893, 749
1969, -956, 1017
1552, -89, 774
1552, -89, 774
591, 394, 331
-,-,-
202, -988, 223
947, -564, 460
888, -496, 222
969, -516, 222
1947, 63, 454
1947, 63, 454
1997, 396, 584
1928, 409, 193
1057, 242, 358
-315, -14, 1029
-1913, -1001, 758
-1998, -1927, 241
-1998, -1654, 377
-1998, -1350, 808
-1998, -891, 911
-1942, -580, 1007
-1295, -250, 881
-1020, -326, 739
-915, -552, 604
-401, -740, 694
-401, -740, 694
646, -700, 904
1177, -1059, 909
1222, -1635, 690
1931, -1597, 1106
1997, -1364, 1406
1997, -1622, 901
1656, -1998, 638
1490, -1998, 650
1764, -1998, 789
1965, -1859, 1108
1270, -1299, 1069
-159, -880, 834
-243, -17, 729
-761, 365, 291
-1520, 246, -78
-1861, -110, -208
-,-,-
193, -978, -202
765, -664, 53
1138, -446, 423
1325, -152, 46
1862, 159, 59
1997, 495, 750
1997, 686, 1024
1997, 686, 1024
740, 214, 910
-851, -212, 1044
-1964, -818, 283
-1998, -1625, 531
-1998, -1648, 241
-1998, -1306, 279
-1998, -633, 653
-1980, -435, 875
-1475, -314, 960
-823, -313, 889
-464, -644, 859
358, -929, 903
1189, -1314, 718
1847, -1772, 1339
1997, -1715, 1640
1997, -1748, 1316
1977, -1983, 1008
1987, -1876, 832
1997, -1892, 637
1865, -1998, 110
1624, -1998, 539
1248, -1617, 658
483, -1066, 641
483, -1066, 641
-481, -435, 420
-1091, -64, 325
-,-,-
450, -943, 113
738, -808, 176
552, -761, -204
618, -506, -599
1867, 441, -233
1997, 1212, -8
1997, 1212, -8
1982, 1355, 14
1253, 379, 333
437, 324, 1032
-1341, -366, 1405
-1998, -1201, 1232
-1998, -1601, 862
-1998, -1964, 1222
-1998, -1537, 1487
-1998, -1147, 1572
-1998, -745, 905
-1948, -505, 819
-1405, -364, 857
-667, -242, 978
173, -312, 781
877, -715, 196
1784, -1318, 423
1997, -1957, 1292
1997, -1998, 1813
1997, -1998, 1334
1997, -1998, 1223
1247, -1998, 824
53, -1998, 750
-226, -1440, 643
-226, -1440, 643
-695, -732, 330
-682, -153, 223
-66, 508, 132
-,-,-
393, -971, 378
641, -677, 346
577, -603, -101
1067, -343, -54
1885, 72, 168
1997, 617, 252
1997, 545, 257
1997, 545, 257
1687, 428, 621
112, -24, 1309
-1815, -850, 1183
-1998, -1236, 625
-1998, -1536, 669
-1998, -1482, 666
-1998, -1215, 574
-1998, -694, 761
-1553, -241, 1063
-952, -124, 1063
-832, -323, 882
-379, -448, 921
-31, -737, 863
434, -1014, 708
718, -1406, 534
1042, -1823, 1137
1893, -1801, 1555
1997, -1749, 1268
1997, -1928, 728
1780, -1998, 1065
1316, -1998, 662
1677, -1998, 659
1677, -1998, 659
1897, -1875, 732
947, -1372, 1077
132, -744, 1136
-356, 4, 382
-883, 203, -235
-1121, 164, -93
-,-,-
567, -795, 114
769, -646, -10
973, -469, 250
973, -469, 250
1599, -38, -160
1978, 333, 70
1997, 732, 349
1520, 579, 671
65, 164, 573
-1134, -313, 1075
-1998, -1098, 849
-1998, -1654, 668
-1998, -1623, 639
-1998, -1347, 1056
-1998, -1131, 1017
-1890, -781, 1060
-1379, -612, 953
-899, -528, 833
-316, -485, 777
24, -583, 688
24, -583, 688
223, -952, 1024
799, -1206, 844
1381, -1681, 931
1940, -1983, 1390
1997, -1958, 1209
1997, -1998, 1048
1661, -1998, 678
1925, -1998, 1003
1997, -1833, 1233
1650, -1336, 717
508, -965, 392
-151, -313, 212
-581, 196, 63
-953, 281, -32
-953, 281, -32
-1426, 45, -61
-996, 97, 402
-,-,-
-144, -1000, 229
-361, -1096, 88
-59, -892, 145
332, -711, 326
332, -711, 326
596, -479, 387
854, -178, -235
1635, 157, -35
1997, 828, 540
1964, 985, 781
1430, 549, 468
1430, 549, 468
-401, -454, 721
-1704, -1141, 1141
-1998, -1640, 961
-1998, -1765, 637
-1998, -1792, 584
-1998, -1580, 677
-1998, -1266, 767
-1729, -902, 918
-1187, -695, 784
-791, -672, 1195
-247, -657, 1101
-38, -948, 631
602, -1207, 604
1241, -1740, 605
1811, -1998, 1135
1997, -1998, 1238
1997, -1998, 1516
1997, -1998, 1497
1780, -1998, 1095
775, -1904, 1160
442, -1038, 654
200, -188, 313
130, 732, -128
-1128, 728, -820
-776, 333, -522
-,-,-
364, -808, 616
551, -614, 23
772, -437, -399
1292, -345, 17
1292, -345, 17
1968, -117, -83
1997, 197, 305
1941, 388, 560
790, -2, 1235
-1178, -572, 1382
-1998, -929, 825
-1998, -1316, 668
-1998, -1028, 674
-1998, -846, 718
-1998, -779, 684
-1960, -621, 653
-1512, -478, 718
-1248, -433, 486
-1248, -433, 486
-1301, -698, 353
-956, -917, 405
22, -974, 759
534, -1317, 586
468, -1937, 517
1108, -1998, 967
1972, -1998, 1346
1997, -1998, 1464
1818, -1998, 1346
1435, -1998, 1201
1206, -1778, 807
854, -1081, 384
538, -539, 368
130, -60, 570
-14, 267, 216
-14, 267, 216
-558, 132, -2
-873, 112, 63
-1188, -88, -353
-,-,-
-202, -998, 282
-78, -925, -121
80, -781, -6
212, -622, 289
212, -622, 289
417, -219, -32
580, -136, -48
1792, 444, -107
1997, 1072, 447
1847, 921, 761
540, -40, 454
540, -40, 454
-744, -887, 1100
-1833, -1433, 457
-1998, -1983, 410
-1998, -1998, 431
-1998, -1763, 642
-1873, -1052, 821
-1753, -634, 470
-1666, -513, 318
-918, -343, 711
-667, -606, 678
-689, -1261, 498
-468, -1896, 678
716, -1998, 1343
1819, -1998, 1942
1997, -1998, 1981
1997, -1998, 1988
1997, -1558, 1921
1997, -1067, 1317
1333, -830, 345
374, -611, -217
-239, -395, -269
-614, -210, -169
-1420, -301, -448
-1470, -345, -240
-,-,-
169, -694, 31
169, -694, 31
484, -506, -210
1015, -313, -156
1622, -77, 287
1987, 274, 498
1932, 560, 521
1580, 453, 589
795, 61, 938
795, 61, 938
-1078, -752, 971
-1998, -1568, 1054
-1998, -1777, 693
-1998, -1829, 928
-1998, -1902, 1023
-1998, -1567, 634
-1996, -969, 428
-1641, -550, 471
-1069, -419, 316
-448, -577, 445
486, -815, 836
1122, -1284, 843
1273, -1899, 1193
1660, -1998, 1416
1997, -1986, 1508
1997, -1875, 1298
1430, -1987, 593
1037, -1928, 467
1658, -1224, 372
1524, -698, 60
322, -629, -178
-280, -568, -12
-280, -568, -12
-384, -260, 129
-749, -164, 221
-,-,-
327, -882, 259
420, -839, 256
470, -806, 80
1316, -459, 126
1981, -114, 418
1981, -114, 418
1997, 1, 521
1997, 33, 181
1632, 74, 398
514, -258, 669
-735, -702, 710
-1783, -1198, 641
-1998, -1650, 684
-1998, -1802, 543
-1998, -1541, 915
-1962, -1140, 964
-1891, -892, 736
-1822, -775, 410
-1164, -406, 403
-982, -439, 384
-982, -439, 384
-670, -527, 350
-169, -645, 592
301, -969, 586
706, -1356, 391
985, -1908, 1009
1779, -1954, 1179
1997, -1825, 1332
1997, -1818, 1138
1628, -1923, 889
932, -1993, 554
604, -1996, 242
184, -1778, 140
-46, -1322, 194
-82, -911, 576
-82, -911, 576
-35, -457, 649
-301, -206, 416
-645, -135, 114
-677, -60, -99
-630, -71, 15
-479, -83, 35
-,-,-
560, -581, 313
538, -511, 81
613, -505, -247
1138, -312, 118
1138, -312, 118
1952, 113, 62
1997, 342, 235
1595, 76, -55
1101, -175, 305
571, -309, 760
-353, -707, 905
-1331, -1033, 437
-1964, -1426, 326
-1998, -1668, 742
-1998, -1730, 1131
-1916, -1431, 1176
-1664, -1241, 1124
-1521, -966, 821
-1560, -898, 766
-1354, -775, 705
-1127, -729, 663
-881, -808, 659
-171, -798, 493
-171, -798, 493
217, -1114, 470
575, -1447, 504
1300, -1749, 890
1980, -1824, 1055
1997, -1722, 1089
1997, -1796, 915
1719, -1990, 575
1149, -1998, 217
604, -1918, 38
525, -1356, 138
139, -903, 328
-410, -509, 194
-970, -349, 222
-949, -197, 330
-949, -197, 330
-95, 241, 518
62, 340, 567
-454, 127, 195
-583, -165, 344
-621, -393, 620
-710, -555, 489
-,-,-
-78, -929, 90
64, -798, 120
607, -525, 77
1223, -146, 170
1547, 9, -197
1635, 65, 272
1635, 65, 272
1975, 316, 471
1397, 171, 589
5, -438, 584
-1141, -966, 649
-1938, -1417, 702
-1998, -1781, 202
-1998, -1644, 280
-1955, -1162, 623
-1707, -887, 683
-1273, -644, 544
-1013, -701, 405
-783, -919, 375
-783, -919, 375
-411, -1220, 498
-122, -1608, 629
263, -1995, 1004
1126, -1998, 1163
1969, -1998, 1352
1883, -1998, 1127
1370, -1998, 1002
1415, -1975, 986
1432, -1720, 666
1168, -1392, 274
666, -959, -28
71, -630, -26
-168, -277, -55
-636, -171, 114
-808, -9, -53
-808, -9, -53
-914, -34, 59
-857, -49, 230
-367, -37, 501
-36, -128, 529
-147, -359, 518
-325, -539, 327
-325, -539, 327
-384, -694, 291
-391, -776, 239
-,-,-
124, -799, 391
752, -524, 305
752, -524, 305
1026, -498, -20
1000, -644, 53
1325, -476, 363
1261, -504, 568
1452, -299, 334
1366, -198, 701
273, -479, 620
-1223, -1015, 298
-1935, -1250, 55
-1998, -1200, 512
-1998, -1151, 605
-1998, -1125, 586
-1998, -967, 639
-1896, -900, 638
-1495, -734, 819
-1072, -622, 698
-966, -729, 605
-966, -729, 605
-417, -882, 822
246, -1089, 659
765, -1404, 630
1104, -1923, 766
1940, -1990, 1448
1997, -1797, 1355
1996, -1965, 1054
1320, -1998, 850
943, -1996, 726
795, -1590, 562
322, -928, 124
-311, -465, -171
-723, -201, -76
-849, 3, -36
-849, 3, -36
-867, 8, 249
-455, 274, 134
-275, 156, 252
-276, -90, 586
-276, -90, 586
-427, -353, 476
-,-,-
-1, -799, 158
154, -512, -116
1376, 30, -31
1988, 308, 175
1997, 388, 21
1997, 388, 21
1997, 148, 327
1888, 155, 647
897, -18, 1042
-1311, -909, 940
-1998, -1408, 557
-1998, -1660, 333
-1998, -1620, 709
-1998, -1385, 776
-1998, -1000, 864
-1826, -633, 726
-1211, -422, 1056
-786, -315, 802
-803, -589, 790
-460, -855, 774
43, -1204, 722
43, -1204, 722
669, -1550, 586
1276, -1941, 921
1626, -1998, 1052
1997, -1930, 1097
1997, -1782, 902
1858, -1872, 615
1496, -1883, 401
1228, -1703, 253
895, -1247, 185
100, -789, -182
-402, -638, 12
-542, -413, 506
-761, -109, 607
-1186, -146, 663
-1022, -48, 193
-1022, -48, 193
-633, 51, 363
-,-,-
633, -619, 424
768, -547, 233
768, -547, 233
690, -662, -173
1457, -445, -126
1997, 72, 147
1981, 396, 908
956, 108, 366
-217, -285, 790
-1299, -707, 843
-1998, -1330, 669
-1998, -1584, 647
-1998, -1490, 952
-1998, -1110, 927
-1998, -925, 550
-1948, -688, 467
-1658, -526, 421
-1522, -522, 520
-1522, -522, 520
-1392, -573, 211
-1088, -716, 319
-293, -796, 479
1, -1237, 497
271, -1674, 930
1569, -1710, 1361
1997, -1648, 1561
1997, -1818, 1353
1997, -1880, 946
1794, -1953, 741
839, -1998, 151
491, -1998, -24
208, -1811, 505
-480, -1348, 690
-681, -728, 571
-697, -150, 322
-701, 171, 260
-701, 171, 260
-707, 305, 255
-588, 339, 117
-469, 382, -147
-582, 110, 139
-,-,-
165, -993, 302
458, -791, 277
354, -729, -4
354, -729, -4
871, -518, -260
1903, -1, -84
1997, 526, 139
1994, 484, 104
1542, 274, 727
74, 8, 1153
74, 8, 1153
-1731, -792, 1096
-1998, -1621, 603
-1998, -1636, 447
-1998, -1262, 855
-1998, -939, 570
-1969, -694, 489
-1693, -561, 550
-1190, -436, 885
-1182, -533, 600
-985, -620, 648
-283, -675, 865
256, -836, 682
353, -1197, 451
353, -1197, 451
265, -1830, 507
1266, -1932, 1213
1997, -1706, 1309
1995, -1940, 775
1681, -1998, 763
1563, -1998, 872
1985, -1857, 968
1404, -1366, 574
17, -1126, 610
-655, -560, 358
-1003, -186, 158
-1222, -48, -47
-1079, 86, -47
-629, 151, 97
-629, 151, 97
-471, 133, 344
-620, -60, 433
-,-,-
315, -650, 7
857, -426, 284
857, -426, 284
1115, -180, -338
1832, -34, -470
1997, 672, 142
1997, 831, 535
1671, 184, 789
607, 20, 1260
607, 20, 1260
-1038, -411, 1204
-1998, -1115, 699
-1998, -1612, 499
-1998, -1551, 680
-1998, -1228, 1063
-1998, -574, 785
-1997, -517, 767
-1783, -423, 846
-1652, -376, 685
-1542, -436, 444
-999, -484, 509
-422, -813, 498
527, -1244, 964
1130, -1838, 1049
1566, -1998, 1756
1997, -1859, 1951
1997, -1918, 1396
1911, -1998, 837
1237, -1998, 1044
214, -1959, 837
-301, -1595, 762
-185, -816, 163
-141, -221, -74
-130, 136, -109
-396, 248, 13
-396, 248, 13
-449, 210, 319
-406, 263, 343
-713, 60, 223
-811, -192, 158
-,-,-
800, -439, 403
1452, -96, -25
1986, 244, -14
1997, 426, 117
1990, 344, 543
1136, -18, 753
1136, -18, 753
547, -46, 681
-527, -248, 916
-1888, -918, 610
-1998, -1581, 602
-1998, -1613, 1127
-1998, -987, 1546
-1998, -837, 1510
-1998, -593, 839
-1985, -560, 755
-1690, -450, 770
-1447, -521, 724
-920, -574, 835
-405, -710, 756
127, -1026, 930
673, -1393, 872
1471, -1713, 1389
1996, -1746, 1320
1997, -1952, 1255
1997, -1998, 588
1952, -1998, 76
1944, -1998, 404
1883, -1998, 1285
807, -1874, 1240
807, -1874, 1240
-64, -1216, 976
-440, -267, 560
-527, 591, -59
-747, 708, -401
-585, 658, 60
-,-,-
550, -846, -7
-80, -1112, -70
-228, -1163, 408
600, -859, 465
1127, -660, 210
1403, -579, -117
1698, -483, 185
1997, -168, 376
1920, -42, 138
1012, -238, 241
1012, -238, 241
93, -395, 611
-1275, -799, 779
-1998, -1330, 656
-1998, -1441, 752
-1998, -1129, 839
-1998, -983, 1157
-1998, -783, 873
-1919, -676, 675
-1587, -625, 701
-1184, -516, 440
-919, -699, 344
-335, -1006, 469
351, -1314, 592
922, -1639, 897
1275, -1903, 913
1801, -1986, 1225
1997, -1597, 1068
1997, -1656, 641
1975, -1962, 248
1806, -1998, 383
1856, -1960, 487
712, -1612, 263
-577, -1347, 128
-577, -1347, 128
-815, -807, 318
-1070, -378, 553
-1217, -190, 366
-986, 170, 246
-445, 322, 325
-,-,-
222, -917, 205
243, -748, 131
276, -781, -165
739, -503, 45
739, -503, 45
1394, -155, 72
1563, -123, 86
1924, -8, 597
1982, 247, 906
1982, 247, 906
1113, 179, 844
-833, -577, 437
-1842, -1118, 507
-1998, -1563, 555
-1998, -1748, 992
-1998, -1266, 1044
-1983, -882, 1097
-1892, -735, 677
-1610, -690, 871
-1209, -707, 879
-720, -772, 787
-73, -949, 642
483, -1174, 507
1165, -1377, 854
1770, -1611, 1238
1997, -1499, 1297
1997, -1415, 995
1997, -1471, 537
1975, -1657, 302
1899, -1870, 119
1757, -1992, 517
943, -1819, 742
-159, -1650, 864
-90, -1032, 909
-90, -1032, 909
-233, -401, 731
-816, -66, 329
-1629, -82, -237
-1430, 39, 101
-296, 451, 321
