-,-,-
-341, -198, -1710
-217, -394, -1726
-78, -506, -1989
81, -954, -1997
143, -1250, -1997
119, -1314, -1997
112, -1855, -1997
239, -1998, -1846
189, -1998, -693
14, -1998, 386
-174, -1998, 628
-263, -1998, 878
-389, -1998, 1519
-512, -1885, 1760
-498, -1771, 1851
-,-,-
-615, -80, -1384
-561, -47, -1656
-506, -228, -1808
-442, -386, -1870
-466, -462, -1997
-441, -1119, -1997
-371, -1922, -1997
-371, -1998, -1997
-330, -1998, -1802
-64, -1998, -1500
-295, -1998, 1480
-359, -1998, 1998
-286, -1998, 1998
-224, -1997, 1998
-226, -1912, 1998
-282, -1997, 1998
-396, -1787, 1998
-,-,-
-366, -195, -1706
-125, -164, -1906
132, -439, -1997
282, -970, -1997
316, -1863, -1997
190, -1998, -1997
-10, -1998, -1577
-144, -1998, -415
-395, -1998, 236
-569, -1998, 1488
-715, -1998, 1998
-747, -1993, 1998
-779, -1735, 1998
-788, -1385, 1998
-,-,-
203, -831, -1997
283, -1119, -1898
319, -1534, -1978
219, -1977, -1625
-95, -1998, -912
-486, -1998, -84
-651, -1998, 436
-816, -1998, 722
-1062, -1998, 900
-1102, -1998, 1166
-957, -1998, 1422
-838, -1974, 1566
-746, -1791, 1867
-,-,-
-301, -410, -1954
-18, -497, -1962
282, -671, -1997
475, -822, -1997
575, -1393, -1997
572, -1927, -1997
532, -1998, -1830
283, -1998, -530
-153, -1998, 331
-586, -1998, 914
-946, -1998, 1690
-1163, -1998, 1998
-1142, -1806, 1955
-928, -1585, 1249
-697, -1603, 905
-,-,-
-251, -850, -1340
-239, -1528, -1643
-404, -1998, -1767
-707, -1998, -814
-947, -1998, 389
-946, -1998, 808
-683, -1981, 588
-490, -1798, 498
-463, -1998, 1151
-647, -1998, 1213
-734, -1909, 1569
-767, -1536, 1929
-698, -1445, 1997
-571, -1491, 1998
-,-,-
-308, -473, -1957
-281, -684, -1903
-195, -1204, -1922
-357, -1998, -1544
-519, -1998, -870
-573, -1998, -258
-623, -1998, 342
-728, -1998, 979
-834, -1998, 1580
-941, -1998, 1649
-1005, -1997, 1718
-960, -1874, 1894
-,-,-
-404, -1125, -1314
-371, -1171, -1645
-431, -1669, -1558
-545, -1995, -1226
-692, -1998, -535
-612, -1998, -352
-481, -1998, -401
-476, -1998, 211
-537, -1998, 873
-520, -1998, 1440
-546, -1998, 1880
-,-,-
-159, -174, -1869
-264, -663, -1996
-409, -1664, -1997
-353, -1998, -1997
-211, -1998, -1985
-116, -1998, -949
-181, -1998, 439
-334, -1998, 1240
-515, -1998, 1611
-663, -1998, 1830
-727, -1998, 1985
-595, -1998, 1998
-444, -1998, 1894
-,-,-
-437, -509, -895
-474, -711, -1020
-723, -1270, -995
-1081, -1520, -597
-1213, -1247, -203
-1154, -916, -212
-1054, -1373, -460
-1116, -1986, -906
-1119, -1998, -557
-949, -1998, 381
-913, -1998, 852
-,-,-
-647, -1995, -1494
-383, -1998, -1346
-276, -1998, -680
-510, -1998, 194
-646, -1998, 1222
-647, -1998, 1892
-673, -1982, 1998
-704, -1904, 1998
-628, -1893, 1952
-,-,-
-509, -605, -1257
-519, -842, -986
-566, -820, -1101
-519, -1021, -1413
-628, -1586, -1326
-1034, -1912, -526
-1490, -1779, 300
-1658, -1517, 309
-1348, -1597, -570
-932, -1863, -1113
-754, -1998, -598
-680, -1998, 391
-597, -1998, 1086
-,-,-
-556, -1083, -1524
-747, -1469, -1556
-922, -1960, -1271
-994, -1998, -971
-955, -1998, -975
-858, -1998, -666
-916, -1998, 18
-906, -1998, 1105
-808, -1998, 1788
-701, -1998, 1979
-726, -1998, 1998
-,-,-
-713, -1000, -1574
-874, -1057, -1372
-1131, -1349, -971
-1325, -1619, -909
-1449, -1851, -563
-1399, -1658, -216
-1306, -1875, -80
-1100, -1837, -7
-921, -1782, 56
-787, -1940, 826
-817, -1980, 1808
-899, -1684, 1926
-,-,-
-652, -57, -1395
-564, -357, -1922
-546, -746, -1997
-598, -1220, -1914
-908, -1712, -1602
-1116, -1882, -1088
-1045, -1976, -883
-996, -1998, -519
-1125, -1998, 58
-1133, -1998, 707
-1031, -1998, 1334
-914, -1980, 1650
-,-,-
-764, -873, -654
-642, -820, -777
-465, -1032, -1133
-430, -1672, -1259
-652, -1998, -254
-620, -1998, 80
-620, -1998, 80
-583, -1998, 139
-698, -1998, 474
-826, -1998, 1075
-870, -1998, 1516
-834, -1911, 1667
-,-,-
-442, 94, -1920
-309, -330, -1946
-318, -757, -1997
-408, -957, -1997
-560, -1220, -1949
-577, -1713, -1997
-626, -1998, -1703
-731, -1998, -934
-797, -1998, -471
-936, -1998, 386
-1041, -1998, 1059
-1023, -1998, 1279
-817, -1908, 1387
-665, -1844, 1510
-651, -1587, 1485
-,-,-
-1052, -440, -590
-873, -740, -1209
-633, -1202, -1753
-396, -1316, -1983
-226, -1818, -1642
-199, -1998, -1027
-568, -1998, -525
-945, -1998, 466
-1125, -1998, 1399
-1078, -1998, 1377
-1006, -1952, 1268
-,-,-
-973, -1054, -656
-917, -1059, -1063
-709, -1718, -1434
-629, -1998, -1030
-608, -1998, -562
-413, -1998, -458
-258, -1998, -143
-514, -1998, 818
-762, -1998, 1440
-823, -1998, 1525
-814, -1970, 1634
-,-,-
-275, -1012, -1841
-292, -1765, -1813
-410, -1998, -1910
-633, -1998, -1369
-772, -1998, -139
-738, -1998, 693
-643, -1998, 811
-693, -1998, 608
-803, -1998, 783
-904, -1998, 1159
-913, -1998, 1716
-,-,-
21, -1373, -1714
-238, -1802, -1281
-409, -1998, -822
-508, -1998, -614
-676, -1998, -685
-969, -1998, -185
-1165, -1998, 428
-780, -1998, 520
-780, -1998, 520
-612, -1998, 432
-649, -1998, 1106
-,-,-
-646, -687, -1184
-483, -1368, -1949
-412, -1805, -1816
-487, -1877, -915
-506, -1945, -913
-643, -1998, -993
-833, -1998, 130
-769, -1998, 1065
-591, -1998, 979
-493, -1998, 945
-,-,-
-810, -158, -1437
-876, -305, -1610
-863, -745, -1996
-755, -1863, -1997
-854, -1998, -1907
-1030, -1998, -904
-1093, -1998, -63
-1156, -1998, 337
-1223, -1998, 691
-1292, -1998, 1450
-1318, -1998, 1636
-,-,-
-565, -18, -954
-436, -106, -1257
-360, -243, -1621
-342, -754, -1997
-369, -1491, -1997
-531, -1982, -1997
-801, -1998, -1672
-865, -1998, -1039
-949, -1998, -501
-1145, -1998, 640
-1216, -1998, 1687
-914, -1929, 1169
-749, -1712, 1592
-,-,-
-189, -753, -1996
-270, -1533, -1997
-217, -1998, -1997
-172, -1998, -1967
-474, -1998, -924
-634, -1998, 280
-674, -1998, 1343
-661, -1998, 1892
-729, -1998, 1709
-757, -1998, 1546
-688, -1998, 1602
-624, -1864, 1738
-572, -1768, 1978
-,-,-
-258, -914, -1992
-186, -1483, -1997
-163, -1993, -1997
-375, -1998, -1415
-615, -1998, -387
-860, -1998, 413
-939, -1998, 936
-980, -1998, 1148
-1046, -1998, 1274
-975, -1998, 1509
-804, -1998, 1569
-687, -1998, 1509
-526, -1791, 1465
-,-,-
-28, -281, -1970
28, -1033, -1997
189, -1609, -1997
195, -1981, -1997
164, -1998, -1997
49, -1998, -1851
-354, -1998, -90
-781, -1998, 1713
-932, -1998, 1998
-829, -1998, 1783
-656, -1877, 1506
-586, -1972, 1650
-666, -1995, 1922
-,-,-
-47, -1246, -1957
-14, -1562, -1997
22, -1941, -1997
-82, -1998, -1997
-578, -1998, -1138
-855, -1998, 291
-857, -1998, 659
-776, -1998, 992
-776, -1998, 992
-763, -1998, 1505
-772, -1998, 1789
-827, -1998, 1454
-791, -1780, 1345
-635, -1691, 1649
-,-,-
-290, -1071, -1997
-224, -1444, -1962
-120, -1983, -1997
-97, -1998, -1997
-739, -1998, -290
-819, -1998, 1055
-868, -1998, 1627
-983, -1998, 1681
-1042, -1996, 1753
-934, -1831, 1773
-820, -1821, 1828
-,-,-
-563, -889, -1860
-381, -1275, -1984
-191, -1420, -1997
-76, -1850, -1997
-40, -1998, -1676
-238, -1998, -866
-344, -1998, -175
-349, -1998, 348
-385, -1998, 1071
-587, -1998, 1550
-712, -1998, 1720
-762, -1971, 1819
-740, -1778, 1815
-,-,-
468, -1603, -1997
569, -1998, -1937
391, -1998, -1975
-18, -1998, -1141
-363, -1998, 165
-681, -1998, 1169
-785, -1998, 1688
-722, -1998, 1509
-588, -1998, 1328
-516, -1998, 1411
-,-,-
-62, -1395, -1987
-24, -1395, -1997
-95, -1998, -1777
-248, -1998, -1183
-395, -1998, -585
-639, -1998, 349
-893, -1998, 1336
-1052, -1998, 1887
-1122, -1998, 1998
-1011, -1998, 1998
-921, -1845, 1868
-,-,-
-194, -1622, -1791
-232, -1996, -1592
-343, -1998, -1391
-528, -1998, -701
-686, -1998, -67
-793, -1998, 456
-803, -1998, 860
-653, -1998, 1092
-538, -1998, 1174
-563, -1998, 1470
-,-,-
-247, -1994, -1968
-315, -1998, -1917
-417, -1998, -1199
-670, -1998, -187
-884, -1998, 712
-924, -1998, 1313
-870, -1998, 1241
-660, -1998, 1060
-604, -1998, 1299
-713, -1998, 1492
-724, -1962, 1611
-657, -1625, 1604
-,-,-
-103, -1088, -1919
-135, -1632, -1678
-498, -1998, -1335
-866, -1998, -1328
-1026, -1998, -983
-1067, -1998, -120
-1150, -1998, 1006
-1223, -1980, 1811
-1209, -1896, 1998
-1253, -1767, 1998
-,-,-
-826, -1009, -1602
-850, -1212, -1478
-863, -1679, -1739
-882, -1998, -1990
-810, -1998, -1567
-912, -1998, -46
-1159, -1998, 1410
-1171, -1906, 1702
-1025, -1572, 1512
-916, -1780, 1696
-,-,-
-761, -127, -1118
-775, -127, -1673
-881, -764, -1872
-1022, -844, -1634
-1110, -925, -1300
-1190, -1270, -1326
-1225, -1880, -1721
-1158, -1998, -1519
-1098, -1998, -459
-1131, -1998, 440
-1232, -1926, 840
-,-,-
-796, -684, -1353
-665, -1025, -1634
-397, -1632, -1854
-392, -1951, -1342
-623, -1998, -1404
-827, -1998, -779
-856, -1998, 616
-691, -1998, 1108
-566, -1998, 1031
-510, -1998, 1413
-,-,-
-521, -705, -1961
-781, -1144, -1889
-1045, -1620, -1784
-1218, -1992, -1642
-1425, -1998, -1022
-1425, -1998, -214
-1117, -1998, 374
-933, -1998, 968
-981, -1992, 1328
-1021, -1665, 1486
-977, -1175, 1644
-,-,-
-772, -719, -1919
-594, -1100, -1997
-565, -1846, -1682
-713, -1998, -1581
-956, -1998, -1334
-996, -1998, -748
-880, -1998, 290
-874, -1998, 1401
-979, -1979, 1836
-1048, -1656, 1865
-993, -1289, 1808
-,-,-
-501, -824, -1504
-389, -943, -1542
-168, -1511, -1947
-161, -1995, -1997
-270, -1998, -1589
-547, -1998, 20
-915, -1998, 957
-973, -1998, 1297
-978, -1921, 1630
-932, -1551, 1845
-866, -1202, 1838
-798, -1361, 1662
-,-,-
-514, -1599, -1652
-576, -1504, -1695
-525, -1764, -1510
-635, -1998, -1154
-942, -1998, -592
-1183, -1998, 140
-1117, -1998, 1035
-978, -1998, 1378
-912, -1998, 1550
-949, -1998, 1768
-,-,-
-868, -879, -1571
-816, -935, -1791
-597, -958, -1947
-495, -1725, -1995
-489, -1998, -1419
-692, -1998, -1
-739, -1998, 377
-692, -1998, 166
-565, -1998, 628
-523, -1998, 1592
-561, -1797, 1826
-609, -1523, 1826
-,-,-
-847, -585, -1425
-1043, -759, -1587
-1105, -1917, -1972
-917, -1998, -1682
-770, -1998, -983
-890, -1998, -96
-987, -1998, 925
-999, -1998, 1452
-865, -1865, 1466
-695, -1662, 1333
-,-,-
-717, -923, -1863
-637, -1435, -1979
-735, -1748, -1997
-828, -1998, -1887
-895, -1998, -1239
-887, -1998, -294
-824, -1998, 503
-835, -1998, 843
-796, -1998, 1168
-737, -1998, 1778
-860, -1874, 1773
-,-,-
-1241, -1998, -1302
-1423, -1998, -365
-1352, -1998, -529
-983, -1998, -84
-681, -1998, 1027
-663, -1998, 1714
-735, -1998, 1387
-786, -1998, 1173
-,-,-
-515, -1903, -1848
-907, -1998, -1223
-1255, -1998, -278
-1481, -1998, 704
-1527, -1998, 958
-1324, -1998, 786
-1012, -1998, 881
-716, -1998, 1326
-671, -1888, 1623
-,-,-
-806, -1374, -1035
-708, -1303, -990
-571, -1373, -1146
-788, -1891, -722
-1239, -1998, -62
-1511, -1864, 227
-1453, -1913, -34
-1366, -1998, 171
-1299, -1998, 759
-1137, -1998, 1106
-942, -1778, 1319
-773, -1457, 1532
-,-,-
-315, -501, -1911
-500, -1312, -1875
-815, -1998, -1581
-1239, -1998, -1196
-1380, -1998, -6
-1125, -1998, 381
-890, -1998, 350
-821, -1998, 1128
-707, -1998, 1828
-703, -1939, 1998
-,-,-
-859, -722, -1754
-765, -1315, -1890
-946, -1637, -1521
-1116, -1825, -1167
-1277, -1998, -221
-1336, -1998, 1077
-1307, -1882, 1532
-1226, -1658, 1413
-1148, -1746, 1624
-,-,-
-700, -505, -1783
-807, -917, -1862
-882, -1093, -1658
-923, -1196, -1527
-897, -1759, -1543
-1040, -1998, -1171
-1296, -1998, -225
-1564, -1905, 730
-1428, -1758, 662
-1208, -1806, 871
-1217, -1738, 1357
-1235, -1421, 1722
-,-,-
-681, -497, -1556
-741, -1128, -1918
-924, -1629, -1979
-1214, -1788, -1430
-1383, -1793, -762
-1372, -1892, -288
-1432, -1998, -88
-1472, -1998, 419
-1278, -1939, 843
-1097, -1717, 930
-978, -1624, 1383
-925, -1420, 1894
-895, -985, 1965
-,-,-
-551, -1998, -1796
-919, -1998, -1067
-1331, -1998, 43
-1574, -1998, 1093
-1603, -1998, 1888
-1529, -1965, 1998
-1390, -1683, 1998
-1174, -1529, 1857
-933, -1563, 1918
-859, -1414, 1998
-825, -911, 1894
-,-,-
-137, -1058, -1949
-387, -1341, -1908
-732, -1998, -1718
-1354, -1998, -937
-1936, -1998, 779
-1989, -1998, 1877
-1727, -1806, 1996
-1337, -1570, 1747
-999, -1402, 1483
-744, -1123, 1693
-,-,-
-380, -1998, -1850
-196, -1998, -1275
-348, -1998, -85
-1118, -1998, 974
-1897, -1998, 1574
-1924, -1998, 1476
-1472, -1998, 1148
-953, -1998, 1069
-647, -1658, 1125
-565, -1229, 1246
-,-,-
-391, -646, -1711
-499, -1004, -1965
-509, -1713, -1997
-477, -1998, -1997
-394, -1998, -1888
-467, -1998, -816
-694, -1998, 449
-857, -1998, 1287
-899, -1998, 1644
-882, -1998, 1976
-875, -1985, 1998
-,-,-
-204, -376, -1989
-262, -1271, -1997
-502, -1962, -1997
-697, -1998, -1997
-675, -1998, -1584
-873, -1998, -206
-1393, -1998, 1277
-1650, -1998, 1991
-1454, -1958, 1977
-1094, -1656, 1688
-748, -1519, 1758
-720, -1485, 1988
-,-,-
-147, -1515, -1907
-15, -1994, -1905
-317, -1998, -1323
-761, -1998, -441
-1021, -1998, 676
-1115, -1998, 1375
-961, -1998, 1861
-772, -1706, 1952
-607, -1407, 1816
-472, -1577, 1984
-,-,-
-275, -233, -1969
-298, -777, -1947
-378, -1870, -1997
-524, -1998, -1997
-797, -1998, -1695
-890, -1998, -482
-815, -1998, 576
-915, -1998, 1153
-994, -1992, 1665
-973, -1685, 1873
-882, -1549, 1911
-863, -1655, 1998
-,-,-
-133, -1199, -1960
-88, -1878, -1997
-198, -1998, -1997
-459, -1998, -1661
-809, -1998, -259
-1031, -1998, 1239
-972, -1998, 1804
-929, -1998, 1736
-838, -1828, 1762
-705, -1387, 1832
-,-,-
-802, -25, -1485
-894, -512, -1947
-880, -948, -1997
-747, -1576, -1997
-654, -1998, -1997
-451, -1998, -1660
-481, -1998, -358
-783, -1998, 917
-936, -1998, 1947
-,-,-
-221, -1319, -1973
119, -1909, -1991
-166, -1998, -1979
-620, -1998, -868
-805, -1998, 216
-667, -1998, 591
-431, -1998, 777
-340, -1998, 1388
-363, -1959, 1523
-457, -1740, 1665
-,-,-
-1018, -1996, -1216
-1216, -1998, -1033
-1109, -1998, -1013
-883, -1998, -784
-728, -1998, 108
-663, -1998, 1304
-614, -1998, 1720
-496, -1775, 1739
-453, -1598, 1934
-,-,-
-583, -1229, -1978
-636, -1701, -1918
-588, -1998, -1997
-652, -1998, -1632
-895, -1998, 826
-895, -1998, 826
-1015, -1998, 1532
-967, -1717, 1585
-845, -1665, 1417
-805, -1608, 1450
-800, -1439, 1430
-737, -1268, 1337
-,-,-
-554, -971, -1581
-604, -1325, -1947
-549, -1838, -1997
-463, -1998, -1958
-434, -1998, -1524
-529, -1998, -664
-680, -1998, 333
-831, -1998, 1175
-864, -1998, 1454
-805, -1891, 1536
-771, -1722, 1669
-,-,-
-640, -777, -1310
-555, -1527, -1814
-521, -1998, -1949
-547, -1998, -1522
-610, -1998, -661
-712, -1998, 255
-796, -1998, 794
-825, -1998, 1137
-821, -1805, 1580
-782, -1693, 1984
-807, -1446, 1998
-848, -1247, 1979
-,-,-
189, -1861, -1942
87, -1998, -1980
-269, -1998, -1509
-807, -1998, 74
-1081, -1998, 1173
-1141, -1998, 1529
-1170, -1906, 1488
-1068, -1712, 1468
-945, -1975, 1939
-1009, -1787, 1939
-,-,-
-383, -1232, -1347
-410, -1888, -1562
-479, -1998, -1591
-623, -1998, -993
-725, -1998, -94
-817, -1998, 485
-806, -1998, 932
-826, -1995, 1477
-1002, -1707, 1512
-1086, -1438, 1618
-,-,-
-153, -500, -1809
-40, -755, -1997
-117, -1199, -1933
-158, -1850, -1962
-152, -1998, -1997
-188, -1998, -1923
-340, -1998, -597
-497, -1998, 1338
-739, -1998, 1998
-,-,-
-602, -1726, -1398
-519, -1933, -1462
-395, -1998, -1660
-837, -1998, 101
-837, -1998, 101
-935, -1998, 779
-975, -1998, 1222
-984, -1919, 1694
-950, -1690, 1989
-870, -1350, 1997
-,-,-
-269, -1079, -1893
-250, -1726, -1997
-412, -1998, -1768
-564, -1998, -791
-640, -1998, -190
-854, -1998, 359
-1046, -1998, 1107
-1147, -1998, 1839
-1155, -1891, 1998
-1080, -1473, 1922
-,-,-
-247, -680, -1997
-198, -805, -1954
26, -1579, -1997
158, -1998, -1997
147, -1998, -1841
60, -1998, -825
-240, -1998, 152
-491, -1998, 1027
-744, -1998, 1773
-940, -1980, 1998
-1051, -1690, 1998
-997, -1466, 1931
-,-,-
-371, -958, -1899
-393, -1208, -1980
-572, -1629, -1789
-882, -1997, -1179
-1186, -1998, -506
-1338, -1998, -117
-1290, -1998, 291
-1207, -1998, 723
-1254, -1998, 1600
-1425, -1754, 1979
-,-,-
-458, -392, -1612
-439, -664, -1621
-415, -995, -1770
-399, -1748, -1904
-611, -1998, -1603
-779, -1998, -768
-845, -1998, -46
-1018, -1998, 451
-1091, -1991, 787
-1054, -1763, 910
-1028, -1777, 984
-,-,-
-501, -495, -1778
-652, -854, -1881
-734, -1185, -1997
-799, -1683, -1979
-861, -1998, -1153
-1224, -1998, 143
-1465, -1998, 1574
-1481, -1986, 1977
-1262, -1693, 1719
-1055, -1709, 1631
-,-,-
-86, -869, -1996
-188, -1318, -1994
-247, -1684, -1997
-445, -1998, -1658
-740, -1998, -1049
-1184, -1998, 443
-1383, -1998, 1853
-1294, -1998, 1994
-1182, -1956, 1910
-1079, -1630, 1997
-1024, -1439, 1998
-958, -1215, 1996
-822, -1157, 1784
-,-,-
-192, -1299, -1941
-137, -1604, -1997
-100, -1996, -1997
-163, -1998, -1678
-549, -1998, -696
-950, -1998, 989
-1134, -1998, 1953
-1132, -1998, 1881
-1061, -1900, 1770
-970, -1611, 1898
-882, -1363, 1934
-825, -1256, 1735
-,-,-
-549, -929, -1804
-452, -1079, -1959
-430, -1641, -1997
-428, -1998, -1973
-494, -1998, -1422
-554, -1998, -677
-587, -1998, 35
-559, -1998, 709
-488, -1998, 1332
-591, -1998, 1870
-673, -1982, 1998
-652, -1561, 1998
-,-,-
-264, -730, -1604
-238, -1093, -1948
-434, -1998, -1718
-487, -1998, -1508
-343, -1998, -1405
-293, -1998, -567
-399, -1998, 723
-595, -1998, 1827
-672, -1998, 1869
-693, -1843, 1693
-697, -1594, 1920
-,-,-
-229, -508, -1676
-55, -741, -1878
-10, -1102, -1997
-11, -1554, -1997
12, -1987, -1997
-29, -1998, -1790
-171, -1998, -922
-515, -1998, 40
-799, -1998, 971
-914, -1998, 1490
-988, -1998, 1645
-1050, -1941, 1710
-1003, -1649, 1845
-,-,-
660, -720, -1997
612, -1168, -1986
382, -1845, -1997
82, -1998, -1911
-340, -1998, -1149
-906, -1998, -93
-1404, -1998, 1289
-1482, -1998, 1597
-1293, -1998, 1400
-,-,-
-412, -1115, -1786
-138, -1516, -1978
64, -1960, -1953
-20, -1998, -1507
-479, -1998, -783
-1169, -1998, -244
-1559, -1998, 92
-1726, -1998, 635
-1652, -1998, 1430
-1380, -1928, 1604
-746, -1479, 1563
-651, -1301, 1748
-,-,-
-547, -765, -1839
-533, -948, -1860
-694, -1218, -1710
-932, -1931, -1389
-1182, -1998, -1261
-1357, -1998, -42
-1384, -1998, 1074
-1275, -1998, 1570
-1221, -1998, 1421
-,-,-
-498, -951, -1885
-502, -971, -1909
-540, -1469, -1891
-773, -1994, -1623
-1158, -1998, -544
-1342, -1998, 163
-1199, -1998, 362
-1063, -1998, 734
-967, -1992, 1451
-,-,-
-227, -683, -1911
-309, -1661, -1997
-545, -1987, -1955
-660, -1998, -1396
-785, -1998, -689
-915, -1998, 56
-910, -1998, 1299
-939, -1998, 1976
-970, -1985, 1998
-1018, -1650, 1998
-,-,-
-199, -345, -1892
-313, -466, -1997
-435, -1413, -1997
-618, -1992, -1884
-827, -1998, -1392
-1073, -1998, -486
-1361, -1998, 712
-1613, -1998, 1692
-1715, -1890, 1998
-1615, -1453, 1922
-1450, -1128, 1616
-1212, -1091, 1705
-,-,-
-259, -687, -1853
-259, -687, -1853
-152, -1055, -1997
-361, -1998, -1722
-730, -1998, -922
-1170, -1998, 130
-1461, -1998, 1323
-1547, -1785, 1647
-1462, -1464, 1747
-1325, -1366, 1997
-,-,-
-114, -625, -1989
-182, -1257, -1997
-293, -1943, -1980
-480, -1998, -1315
-748, -1998, -599
-997, -1998, -54
-1175, -1998, 667
-1207, -1959, 1348
-1119, -1984, 1904
-1118, -1791, 1998
-1132, -1067, 1998
-,-,-
-584, -456, -1997
-409, -1413, -1932
-470, -1998, -1997
-529, -1998, -1977
-574, -1998, -800
-729, -1998, 639
-850, -1998, 1591
-818, -1977, 1998
-778, -1954, 1998
-790, -1540, 1711
-,-,-
-512, -517, -1390
-443, -863, -1812
-492, -1392, -1997
-587, -1992, -1782
-751, -1998, -798
-704, -1998, -194
-653, -1998, 669
-721, -1998, 1582
-830, -1967, 1998
-878, -1522, 1996
-,-,-
8, -716, -1952
-79, -1090, -1997
-237, -1746, -1997
-419, -1998, -1991
-649, -1998, -1421
-995, -1998, -173
-1367, -1998, 1151
-1592, -1998, 1979
-,-,-
-198, -513, -1752
-218, -831, -1997
-249, -1418, -1997
-390, -1968, -1997
-593, -1998, -1994
-704, -1998, -1349
-896, -1998, 88
-1044, -1998, 1274
-1045, -1998, 1846
-953, -1742, 1990
-972, -1444, 1998
-,-,-
61, -763, -1997
136, -1331, -1959
106, -1834, -1997
-29, -1998, -1997
-182, -1998, -1701
-416, -1998, -154
-647, -1998, 1471
-812, -1993, 1998
-909, -1605, 1998
-934, -1305, 1998
-874, -1123, 1859
-,-,-
-288, -512, -1286
-129, -793, -1876
81, -1255, -1997
183, -1472, -1997
157, -1925, -1676
-194, -1998, -849
-718, -1998, -191
-1144, -1998, 375
-1378, -1998, 959
-1441, -1868, 1472
-1384, -1399, 1573
-1306, -1168, 1587
-1156, -1147, 1570
-948, -1405, 1667
-,-,-
0, -720, -1944
-97, -957, -1907
-126, -1421, -1997
-103, -1975, -1997
-215, -1998, -1767
-868, -1998, -76
-868, -1998, -76
-1117, -1998, 785
-1228, -1998, 1424
-923, -1575, 1303
-757, -1469, 1360
-660, -1429, 1649
-656, -1168, 1804
-,-,-
-453, -1954, -1339
-378, -1998, -1478
-368, -1998, -990
-448, -1998, -491
-554, -1998, 86
-522, -1998, 663
-539, -1998, 1040
-544, -1997, 1479
-476, -1760, 1881
-,-,-
-471, -744, -1995
-277, -1981, -1997
-100, -1998, -1979
9, -1998, -821
-135, -1998, 249
-455, -1998, 855
-751, -1998, 1860
-929, -1993, 1998
-893, -1659, 1998
-833, -1398, 1979
-,-,-
-592, -549, -1685
-451, -1290, -1994
-361, -1994, -1997
-276, -1998, -1996
-344, -1998, -1369
-493, -1998, -153
-741, -1998, 848
-986, -1998, 1258
-1263, -1998, 1579
-1339, -1998, 1860
-1165, -1899, 1998
-,-,-
-127, -1655, -1928
-115, -1998, -1997
-240, -1998, -1675
-611, -1998, -241
-898, -1998, 519
-942, -1998, 740
-985, -1998, 1224
-974, -1998, 1614
-902, -1995, 1985
-918, -1590, 1992
-,-,-
746, -1279, -1953
799, -1948, -1982
622, -1998, -1836
311, -1998, -1081
-67, -1998, 198
-547, -1998, 1473
-988, -1998, 1998
-1111, -1998, 1998
-913, -1783, 1996
-,-,-
-330, -1579, -1913
-233, -1950, -1811
-306, -1998, -1131
-606, -1998, -609
-825, -1998, 122
-890, -1998, 1056
-987, -1998, 1773
-1015, -1646, 1998
-922, -1168, 1931
-843, -892, 1736
-,-,-
-157, 108, -1926
26, -805, -1997
26, -805, -1997
62, -1847, -1997
58, -1998, -1997
-144, -1998, -1297
-434, -1998, 613
-924, -1998, 1854
-1275, -1980, 1998
-1341, -1520, 1998
-1063, -833, 1854
-,-,-
-407, -373, -1885
-378, -594, -1874
-345, -1334, -1846
-374, -1994, -1967
-626, -1998, -1494
-1017, -1998, -94
-1426, -1998, 1567
-1631, -1651, 1998
-1509, -1132, 1997
-,-,-
-430, -1131, -1912
-389, -1655, -1997
-384, -1998, -1867
-403, -1998, -1197
-680, -1998, -153
-842, -1998, 709
-944, -1948, 1343
-1083, -1538, 1785
-1163, -1048, 1865
-1104, -907, 1898
-,-,-
-266, -1391, -1957
-178, -1974, -1997
-195, -1998, -1787
-455, -1998, -832
-840, -1998, 371
-1078, -1998, 1357
-1188, -1998, 1619
-1260, -1679, 1726
-1218, -1249, 1726
-,-,-
-162, -828, -1723
-25, -1001, -1977
121, -1371, -1997
158, -1937, -1997
69, -1998, -1832
-106, -1998, -979
-469, -1998, -32
-883, -1998, 976
-1059, -1998, 1619
-1090, -1918, 1816
-1139, -1583, 1730
-1127, -1369, 1705
-,-,-
5, -626, -1807
218, -721, -1997
332, -825, -1997
394, -1543, -1997
330, -1991, -1997
117, -1998, -1684
-220, -1998, -687
-688, -1998, 344
-1229, -1998, 1391
-1491, -1987, 1995
-1423, -1642, 1998
-1258, -1397, 1998
-1133, -1399, 1953
-,-,-
-138, -1106, -1997
27, -1996, -1948
27, -1996, -1948
-59, -1998, -1552
-249, -1998, -913
-512, -1998, 360
-858, -1998, 1527
-1124, -1998, 1995
-1069, -1028, 1998
-808, -895, 1912
-636, -851, 1595
-590, -743, 1409
-,-,-
370, -656, -1952
467, -1211, -1997
459, -1932, -1997
333, -1998, -1691
103, -1998, -932
-254, -1998, -236
-605, -1998, 643
-742, -1998, 1249
-632, -1998, 1667
-,-,-
179, -1007, -1890
223, -1245, -1997
281, -1802, -1997
354, -1998, -1847
354, -1998, -1165
63, -1998, -329
-442, -1998, 714
-889, -1998, 1745
-1160, -1998, 1998
-,-,-
263, -1136, -1952
346, -1710, -1997
241, -1998, -1970
194, -1998, -1510
39, -1998, -648
-324, -1998, 235
-781, -1998, 1220
-914, -1998, 1828
-899, -1991, 1998
-988, -1552, 1998
-982, -1211, 1998
-,-,-
-30, -725, -1676
-36, -743, -1935
-91, -1243, -1969
-229, -1805, -1504
-369, -1998, -1068
-801, -1998, 176
-801, -1998, 176
-1055, -1998, 876
-1402, -1980, 1453
-1541, -1160, 1907
-1380, -1019, 1782
-1243, -923, 1476
-,-,-
-501, -754, -1169
-553, -827, -1355
-665, -1054, -1922
-753, -1846, -1601
-878, -1998, -943
-1095, -1998, -441
-1312, -1927, 149
-1286, -1699, 533
-1147, -1741, 744
-1122, -1691, 1274
-,-,-
-261, -1200, -1563
-259, -1797, -1285
-322, -1998, -1039
-499, -1998, -463
-756, -1998, 413
-890, -1997, 1161
-990, -1799, 1430
-1051, -1720, 1696
-,-,-
-63, -812, -1843
-25, -1116, -1915
2, -1761, -1991
-97, -1998, -1641
-252, -1998, -983
-521, -1998, -326
-770, -1998, 566
-1029, -1998, 1513
-1176, -1779, 1979
-1233, -1264, 1997
-1146, -1038, 1733
-,-,-
190, -757, -1681
105, -1482, -1534
-12, -1998, -1400
-31, -1998, -1281
-115, -1998, -523
-557, -1998, 533
-1142, -1998, 1212
-1521, -1998, 1749
-1456, -1983, 1900
-1189, -1555, 1798
-989, -1149, 1617
-792, -1173, 1574
-,-,-
-411, -864, -1770
-367, -973, -1606
-305, -1407, -1650
-288, -1969, -1627
-327, -1998, -1212
-688, -1998, -223
-1160, -1998, 888
-1366, -1988, 1440
-1324, -1683, 1558
-1190, -1297, 1489
-1022, -1053, 1432
-,-,-
-214, -1033, -1750
-284, -1823, -1808
-428, -1998, -1588
-666, -1998, -887
-871, -1998, 165
-996, -1998, 987
-1137, -1998, 1342
-1212, -1998, 1699
-1225, -1772, 1827
-1079, -1332, 1841
-,-,-
-639, -726, -1912
-510, -1165, -1997
-533, -1942, -1850
-676, -1998, -1241
-923, -1998, -285
-1123, -1998, 749
-1307, -1997, 1526
-1293, -1732, 1940
-1120, -1447, 1998
-1025, -1187, 1849
-970, -1142, 1421
-,-,-
-542, -673, -1456
-524, -1098, -1583
-600, -1536, -1586
-530, -1847, -1488
-362, -1998, -1304
-289, -1998, -778
-489, -1998, -106
-731, -1998, 881
-872, -1982, 1700
-982, -1673, 1998
-,-,-
-218, -1362, -1832
-371, -1768, -1453
-487, -1998, -1127
-596, -1998, -914
-778, -1998, 33
-912, -1998, 980
-922, -1998, 1259
-805, -1986, 1378
-,-,-
-410, -652, -1816
-323, -960, -1878
-192, -1429, -1997
-140, -1969, -1943
-259, -1998, -1443
-438, -1998, -527
-564, -1998, 51
-701, -1998, 578
-968, -1986, 1198
-,-,-
-476, -1718, -1842
-454, -1998, -1585
-345, -1998, -1209
-257, -1998, -984
-369, -1998, -198
-601, -1998, 675
-766, -1998, 1118
-854, -1997, 1462
-865, -1697, 1693
-811, -1311, 1841
-791, -1231, 1995
-,-,-
-374, -1512, -1856
-502, -1998, -1878
-666, -1998, -1070
-689, -1998, -671
-727, -1998, -180
-719, -1998, 662
-728, -1998, 1529
-801, -1643, 1908
-817, -1181, 1868
-719, -980, 1921
-,-,-
-242, -448, -1451
-547, -579, -1504
-419, -1473, -1995
-310, -1998, -1712
-505, -1998, -249
-613, -1998, 228
-504, -1998, 595
-464, -1944, 1433
-607, -1499, 1947
-774, -1342, 1998
-880, -1321, 1912
-889, -1352, 1627
-,-,-
-180, -1171, -1972
-34, -1913, -1997
1, -1998, -1992
90, -1998, -1462
133, -1998, -651
-183, -1998, 358
-583, -1998, 1503
-782, -1997, 1998
-825, -1695, 1924
-815, -1413, 1876
-759, -1266, 1998
-,-,-
-94, -488, -1893
-134, -1466, -1909
-294, -1634, -1997
-267, -1958, -1957
-574, -1998, -729
-955, -1998, 681
-955, -1998, 681
-1164, -1998, 1622
-909, -1901, 1459
-792, -1624, 1426
-,-,-
-267, -885, -1934
-274, -1194, -1982
-219, -1746, -1997
-204, -1998, -1954
-353, -1998, -1068
-665, -1998, 134
-903, -1998, 901
-1019, -1998, 1460
-1033, -1998, 1930
-,-,-
-528, -761, -1680
-529, -1120, -1455
-515, -1314, -1588
-401, -1674, -1969
-225, -1998, -986
-360, -1998, 90
-360, -1998, 674
-575, -1998, 674
-713, -1998, 995
-853, -1998, 1362
-,-,-
13, -790, -1863
-36, -1088, -1743
-97, -1493, -1724
-224, -1947, -1492
-410, -1998, -1286
-623, -1998, -756
-741, -1998, 185
-744, -1998, 1237
-704, -1998, 1784
-663, -1774, 1796
-669, -1471, 1865
-,-,-
-877, -1210, -1558
-1036, -1487, -1957
-1043, -1646, -1955
-881, -1991, -1567
-805, -1998, -1056
-981, -1998, -425
-1278, -1998, 697
-1409, -1720, 1540
-1277, -1307, 1508
-1204, -1146, 1275
-,-,-
-540, -1646, -1510
-465, -1809, -1355
-375, -1998, -1244
-382, -1998, -926
-519, -1998, -231
-683, -1998, 486
-768, -1998, 847
-780, -1834, 963
-810, -1535, 1143
-816, -1304, 1465
-784, -1268, 1728
-,-,-
-627, -1500, -879
-582, -1799, -821
-455, -1998, -986
-613, -1998, -652
-888, -1996, -29
-1071, -1905, 360
-952, -1876, 248
-860, -1933, -137
-775, -1852, 134
-675, -1750, 893
-689, -1591, 1077
-,-,-
-135, -969, -1911
-99, -1427, -1888
-180, -1782, -1607
-236, -1998, -1261
-259, -1998, -926
-449, -1998, -408
-727, -1998, 644
-866, -1985, 1382
-880, -1798, 1829
-981, -1651, 1827
-,-,-
-421, -783, -1761
-435, -994, -1986
-423, -1788, -1997
-427, -1998, -1997
-458, -1998, -1583
-658, -1998, -446
-1038, -1998, 824
-1409, -1998, 1800
-1505, -1977, 1998
-,-,-
-439, -801, -1849
-419, -1387, -1997
-270, -1943, -1997
-241, -1998, -1711
-356, -1998, -946
-608, -1998, -5
-829, -1998, 892
-1015, -1998, 1501
-1066, -1949, 1636
-1001, -1742, 1832
-,-,-
-496, -516, -1518
-566, -574, -1447
-583, -1141, -1380
-498, -1953, -1562
-499, -1998, -1784
-420, -1998, -1368
-559, -1998, 737
-697, -1998, 1534
-743, -1973, 1818
-714, -1673, 1823
-667, -1394, 1801
-585, -1196, 1808
-,-,-
-603, -1574, -1590
-570, -1972, -1493
-569, -1998, -1060
-677, -1998, -642
-795, -1998, -171
-769, -1998, 447
-718, -1998, 899
-718, -1942, 1230
-780, -1815, 1475
-840, -1563, 1722
-811, -1269, 1878
-723, -1000, 1779
-,-,-
-308, -955, -1726
-218, -1539, -1698
-190, -1998, -1553
-255, -1998, -838
-515, -1998, -3
-878, -1998, 752
-1062, -1998, 1158
-1075, -1934, 1248
-1026, -1691, 1313
-908, -1722, 1553
-870, -1368, 1501
-,-,-
-537, -1073, -1320
-541, -1299, -1555
-378, -1998, -1688
-470, -1998, -1060
-707, -1998, -271
-920, -1998, 488
-966, -1998, 1166
-969, -1845, 1573
-959, -1412, 1782
-927, -1130, 1794
-835, -996, 1670
-776, -913, 1513
-703, -872, 1454
-,-,-
-291, -1767, -1934
-201, -1998, -1868
-243, -1998, -1256
-440, -1998, -578
-723, -1998, -152
-864, -1998, 162
-867, -1998, 570
-845, -1998, 822
-775, -1924, 871
-687, -1663, 1005
-556, -1316, 1210
-,-,-
-486, -882, -1911
-562, -1282, -1963
-609, -1918, -1949
-641, -1998, -1738
-703, -1998, -1253
-754, -1998, -215
-858, -1998, 740
-914, -1998, 1235
-887, -1998, 1563
-823, -1928, 1874
-,-,-
-803, -1998, -1109
-860, -1998, -798
-732, -1998, -553
-630, -1998, -269
-603, -1998, 140
-669, -1998, 663
-657, -1998, 1106
-639, -1995, 1284
-591, -1813, 1562
-574, -1679, 1876
-,-,-
-454, -1828, -1166
-468, -1993, -1091
-562, -1998, -831
-667, -1998, -310
-696, -1998, 167
-642, -1998, 330
-688, -1998, 618
-720, -1998, 1105
-659, -1947, 1362
-630, -1720, 1471
-602, -1412, 1669
-,-,-
-52, -152, -1837
16, -88, -1994
243, -604, -1997
311, -1203, -1997
180, -1617, -1997
-25, -1991, -1539
-161, -1998, -548
-465, -1998, 402
-931, -1998, 1690
-1186, -1998, 1998
-1314, -1732, 1998
-1283, -883, 1998
-,-,-
-191, -948, -1716
-211, -1322, -1976
-115, -1982, -1990
-307, -1998, -813
-1042, -1998, 1188
-1478, -1998, 1997
-1372, -1957, 1998
-,-,-
-156, -186, -1897
17, -869, -1989
133, -1906, -1997
-22, -1998, -1991
-355, -1998, -1011
-633, -1998, 125
-868, -1998, 823
-984, -1998, 1688
-999, -1957, 1825
-845, -1570, 1548
-733, -1471, 1370
-,-,-
-617, -289, -1883
-525, -630, -1997
-367, -1333, -1997
-289, -1885, -1997
-115, -1998, -1997
-217, -1998, -1591
-729, -1998, 470
-1249, -1998, 1996
-,-,-
-440, -433, -1717
-283, -379, -1835
7, -657, -1997
7, -657, -1997
165, -1530, -1997
-58, -1998, -1997
-431, -1998, -1795
-559, -1998, -1196
-791, -1998, -497
-1081, -1998, 927
-,-,-
-446, -654, -1782
-575, -845, -1861
-609, -1422, -1997
-710, -1998, -1997
-756, -1998, -1667
-1106, -1998, -227
-1544, -1998, 1481
-1693, -1998, 1998
-,-,-
-1239, -48, -1754
-1218, -545, -1940
-996, -937, -1997
-741, -1346, -1997
-513, -1888, -1997
-373, -1998, -1805
-673, -1998, -480
-986, -1998, 516
-1142, -1998, 1303
-,-,-
-223, -1595, -1980
-442, -1998, -1910
-862, -1998, -1231
-961, -1998, -734
-755, -1998, -114
-846, -1998, 1443
-1015, -1998, 1998
-896, -1950, 1998
-714, -1530, 1980
-587, -1629, 1760
-,-,-
-481, -1063, -1992
-291, -1652, -1977
-260, -1998, -1997
-572, -1998, -1535
-999, -1998, -56
-1198, -1998, 617
-972, -1998, 593
-743, -1998, 1078
-593, -1998, 1822
-,-,-
-311, -1770, -1899
-188, -1997, -1997
-101, -1998, -1997
-81, -1998, -1911
-286, -1998, -538
-594, -1998, 1170
-787, -1998, 1950
-855, -1998, 1972
-752, -1996, 1809
-576, -1956, 1905
-510, -1633, 1898
-,-,-
-295, -683, -1950
-297, -1230, -1986
-221, -1961, -1997
-189, -1998, -1997
-261, -1998, -1778
-607, -1998, -745
-1052, -1998, 712
-1324, -1998, 1878
-1377, -1998, 1998
-1079, -1998, 1653
-,-,-
-540, -459, -1885
-421, -721, -1977
-309, -760, -1992
-213, -979, -1997
-160, -1868, -1997
-243, -1998, -1997
-508, -1998, -1643
-788, -1998, -110
-1166, -1998, 1418
-1386, -1998, 1998
-,-,-
-163, -873, -1701
-57, -1338, -1997
-8, -1982, -1997
13, -1998, -1995
13, -1998, -1995
-223, -1998, -1067
-835, -1998, 1887
-922, -1998, 1998
-903, -1735, 1998
-,-,-
-571, -1166, -1423
-662, -1281, -1944
-596, -1906, -1997
-317, -1998, -1997
-227, -1998, -1934
-271, -1998, -960
-483, -1998, 488
-661, -1998, 1731
-740, -1998, 1998
-,-,-
-428, -581, -1800
-427, -1057, -1865
-403, -1781, -1952
-530, -1998, -1997
-535, -1998, -1997
-435, -1998, -1579
-456, -1998, -593
-559, -1998, 535
-694, -1998, 1738
-700, -1998, 1989
-,-,-
-383, -81, -1455
-379, -143, -1501
-315, -658, -1867
-287, -1540, -1997
-429, -1991, -1975
-537, -1998, -1485
-639, -1998, -1302
-1189, -1998, 971
-1362, -1998, 1746
-,-,-
-435, -76, -1278
-340, -390, -1665
-200, -712, -1970
-96, -866, -1997
-29, -1309, -1997
60, -1942, -1997
53, -1998, -1997
-60, -1998, -1731
-334, -1998, -705
-750, -1998, 527
-1141, -1998, 1560
-1294, -1998, 1987
-,-,-
-545, -460, -1819
-447, -797, -1997
-368, -1078, -1997
-268, -1563, -1997
-59, -1991, -1997
114, -1998, -1994
106, -1998, -1446
-92, -1998, -655
-450, -1998, 172
-774, -1998, 1518
-967, -1998, 1998
-,-,-
-316, -581, -1960
-152, -733, -1958
487, -1491, -1997
778, -1997, -1997
1063, -1998, -1996
941, -1998, -992
311, -1998, 518
311, -1998, 518
-299, -1998, 1365
-,-,-
-244, -520, -1557
-150, -715, -1995
-38, -1263, -1997
-69, -1709, -1997
-92, -1998, -1997
12, -1998, -1997
-52, -1998, -1633
-409, -1998, -308
-671, -1998, 1057
-775, -1998, 1791
-775, -1998, 1956
-,-,-
-439, -527, -1853
-462, -660, -1981
-353, -881, -1997
-210, -1446, -1997
-201, -1945, -1997
-129, -1998, -1997
102, -1998, -1953
136, -1998, -1111
-232, -1998, 284
-544, -1998, 1684
-724, -1998, 1998
-751, -1989, 1992
-,-,-
-162, -303, -1385
23, -311, -1701
215, -773, -1997
252, -1666, -1997
196, -1998, -1997
147, -1998, -1997
119, -1998, -1794
-13, -1998, -569
-312, -1998, 882
-619, -1998, 1867
-,-,-
239, -371, -1934
180, -734, -1997
128, -1107, -1997
8, -1748, -1997
15, -1998, -1997
-154, -1998, -1971
-448, -1998, -896
-1088, -1998, 793
-1404, -1998, 1928
-,-,-
-463, -211, -1388
-366, -301, -1829
-290, -556, -1997
-380, -1001, -1997
-597, -1311, -1997
-683, -1800, -1997
-637, -1998, -1833
-1050, -1998, -47
-1418, -1998, 1248
-,-,-
-312, -83, -1745
-175, -329, -1965
-151, -923, -1997
-282, -1685, -1997
-348, -1998, -1997
-313, -1998, -1984
-275, -1998, -1263
-425, -1998, -164
-702, -1998, 1086
-959, -1998, 1941
-,-,-
-307, -221, -1813
-504, -880, -1997
-719, -1634, -1997
-820, -1998, -1997
-808, -1998, -1997
-652, -1998, -1870
-563, -1998, -945
-761, -1998, 357
-1025, -1998, 1670
-1131, -1998, 1998
-1064, -1796, 1998
-,-,-
-714, -849, -1885
-942, -1716, -1997
-1211, -1998, -1997
-1318, -1998, -1996
-1335, -1998, -987
-1377, -1998, 793
-1539, -1998, 1948
-1503, -1998, 1998
-1331, -1725, 1998
-,-,-
-328, -562, -1930
-484, -1009, -1997
-596, -1852, -1997
-615, -1998, -1997
-591, -1998, -1752
-705, -1998, -422
-1018, -1998, 1371
-1361, -1998, 1998
-1437, -1911, 1998
-,-,-
-88, -693, -1948
-88, -693, -1948
-26, -1102, -1997
100, -1809, -1997
256, -1998, -1997
277, -1998, -1979
-63, -1998, -950
-677, -1998, 884
-1185, -1998, 1990
-1254, -1998, 1998
-,-,-
194, -1770, -1985
242, -1998, -1997
353, -1998, -1997
371, -1998, -1681
-172, -1998, 255
-934, -1998, 1934
-1251, -1998, 1998
-1211, -1858, 1998
-1011, -1418, 1998
-799, -1390, 1998
-,-,-
263, -24, -1911
472, -316, -1982
468, -1057, -1997
322, -1914, -1997
-58, -1998, -1997
-538, -1998, -1757
-1000, -1998, -1155
-1079, -1998, 1470
-1220, -1998, 1998
-,-,-
-50, 128, -1934
122, -123, -1997
195, -388, -1997
83, -1292, -1997
-43, -1994, -1997
-202, -1998, -1997
-511, -1998, -1419
-842, -1998, -176
-1079, -1998, 1013
-1263, -1998, 1800
-1379, -1998, 1998
-,-,-
705, -1376, -1984
544, -1998, -1997
167, -1998, -1997
-334, -1998, -1687
-799, -1998, -138
-1228, -1998, 1593
-1348, -1998, 1998
-1189, -1998, 1998
-947, -1891, 1998
-807, -1528, 1998
-,-,-
-194, -1258, -1997
-372, -1594, -1951
-562, -1998, -1997
-823, -1998, -1679
-924, -1998, 573
-756, -1998, 1544
-587, -1998, 1796
-510, -1998, 1998
-458, -1778, 1998
-431, -1424, 1998
-,-,-
156, 109, -1947
137, -224, -1997
79, -1120, -1997
-65, -1931, -1997
-243, -1998, -1997
-290, -1998, -1825
-491, -1998, -946
-814, -1998, 365
-965, -1998, 1791
-1002, -1998, 1998
-,-,-
-521, 43, -1418
-386, -46, -1725
-335, -179, -1997
-316, -394, -1997
-356, -1020, -1997
-515, -1736, -1997
-766, -1998, -1969
-949, -1998, -1296
-1628, -1998, 1187
-,-,-
-335, -580, -1997
-353, -1007, -1938
-340, -1621, -1997
-273, -1943, -1997
-213, -1998, -1395
-703, -1998, 333
-1293, -1998, 1876
-1543, -1998, 1998
-1272, -1632, 1998
-,-,-
-180, -1068, -1997
-402, -1623, -1977
-553, -1988, -1997
-348, -1998, -1665
-921, -1998, 426
-1486, -1998, 1992
-1527, -1998, 1998
-1182, -1562, 1998
-,-,-
-405, -286, -1695
-516, -892, -1862
-806, -1430, -1997
-1033, -1919, -1997
-1136, -1998, -1634
-1363, -1998, -141
-1620, -1998, 1411
-1656, -1918, 1998
-1653, -1408, 1998
-,-,-
-596, -456, -1392
-532, -827, -1901
-386, -1511, -1997
-411, -1823, -1997
-485, -1998, -1991
-555, -1998, -1720
-946, -1998, -303
-1506, -1998, 1739
-1774, -1511, 1998
-1380, -895, 1908
-,-,-
-968, -1056, -1897
-840, -1839, -1997
-722, -1998, -1997
-502, -1998, -1884
-340, -1998, -788
-644, -1998, 649
-1059, -1998, 1924
-1220, -1765, 1998
-1042, -986, 1998
-909, -781, 1997
-889, -862, 1812
-,-,-
-661, -1299, -1997
-1009, -1976, -1946
-1092, -1998, -1940
-924, -1998, -1263
-1184, -1998, 1390
-1494, -1888, 1998
-1471, -1211, 1998
-1171, -1209, 1998
-,-,-
-500, -1158, -1963
-325, -1854, -1997
-234, -1998, -1975
-374, -1998, -565
-816, -1998, 1322
-1069, -1998, 1648
-1058, -1998, 1475
-1037, -1998, 1849
-,-,-
-69, -593, -1972
93, -1685, -1997
-112, -1998, -1997
-208, -1998, -1981
-276, -1998, -973
-826, -1998, 1052
-1399, -1998, 1994
-1549, -1998, 1998
-1320, -1546, 1998
-,-,-
204, -791, -1993
-37, -1198, -1997
-302, -1964, -1997
-598, -1998, -1997
-942, -1998, -1500
-1451, -1998, 258
-1863, -1998, 1932
-1852, -1935, 1998
-1423, -1190, 1998
-1045, -697, 1998
-832, -871, 1998
-,-,-
-321, -775, -1997
-175, -1504, -1997
-242, -1998, -1885
-700, -1998, -1308
-1075, -1998, -330
-1141, -1998, 1127
-1013, -1998, 1956
-1157, -1998, 1998
-,-,-
-411, -1066, -1997
-434, -1326, -1898
-398, -1917, -1997
-355, -1998, -1995
-208, -1998, -1490
-844, -1998, 1556
-1300, -1998, 1998
-1387, -1965, 1998
-1298, -1732, 1783
-,-,-
-909, -158, -1334
-716, -712, -1903
-669, -1252, -1997
-640, -1758, -1997
-556, -1998, -1997
-521, -1998, -1643
-751, -1998, -7
-986, -1998, 1573
-974, -1969, 1998
-919, -1681, 1998
-816, -1394, 1998
-,-,-
-898, -424, -1459
-961, -812, -1739
-930, -1821, -1997
-854, -1998, -1997
-700, -1998, -1673
-580, -1998, -171
-944, -1998, 1683
-1178, -1998, 1998
-1059, -1486, 1998
-804, -1024, 1998
-,-,-
-261, 37, -1800
-452, -580, -1995
-709, -1115, -1997
-564, -1715, -1997
-329, -1998, -1997
-355, -1998, -1954
-774, -1998, 114
-1028, -1998, 1994
-925, -1823, 1998
-,-,-
-731, -983, -1930
-694, -1086, -1997
-625, -1111, -1950
-466, -1579, -1827
-552, -1998, -1717
-857, -1998, -367
-1094, -1998, 1300
-1000, -1998, 1617
-885, -1998, 1576
-,-,-
316, -805, -1981
156, -1589, -1997
-135, -1998, -1890
-270, -1998, -1470
-488, -1998, -771
-861, -1998, 703
-1228, -1998, 1689
-1251, -1998, 1998
-1084, -1987, 1998
-893, -1581, 1998
-724, -1208, 1950
-616, -1026, 1776
-,-,-
-614, -1021, -1870
-391, -1184, -1997
23, -1864, -1997
265, -1998, -1992
-67, -1998, -750
-644, -1998, 1216
-1011, -1998, 1993
-1032, -1998, 1998
-917, -1980, 1998
-,-,-
-752, -1046, -1957
-925, -1369, -1996
-1033, -1685, -1776
-960, -1979, -1967
-881, -1998, -1642
-1088, -1998, -253
-1268, -1998, 1490
-1160, -1998, 1998
-854, -1583, 1998
-690, -1122, 1998
-,-,-
-113, 255, -1930
-8, 163, -1952
227, -318, -1997
59, -1192, -1997
-191, -1902, -1997
-437, -1998, -1997
-548, -1998, -1994
-818, -1998, -1225
-1155, -1998, 1448
-1413, -1998, 1998
-1158, -1948, 1998
-,-,-
-330, -862, -1997
-112, -1419, -1977
-111, -1998, -1997
-573, -1998, -1394
-1343, -1998, 1259
-1577, -1998, 1998
-1152, -1604, 1991
-820, -1246, 1643
-666, -1086, 1383
-588, -978, 1390
-,-,-
-414, -684, -1997
-411, -656, -1992
-334, -1447, -1997
-317, -1998, -1997
-559, -1998, -1629
-1008, -1998, 216
-1613, -1998, 1998
-1453, -1721, 1998
-1188, -1048, 1998
-,-,-
33, -394, -1978
120, -1310, -1997
-81, -1998, -1985
-251, -1998, -1592
-355, -1998, -1309
-515, -1998, -258
-765, -1998, 1594
-991, -1998, 1998
-1056, -1610, 1998
-,-,-
598, -289, -1995
489, -1394, -1997
141, -1998, -1997
-161, -1998, -1961
-510, -1998, -1007
-1025, -1998, 507
-1496, -1998, 1682
-1520, -1998, 1962
-1319, -1974, 1998
-,-,-
-262, -748, -1926
-231, -1480, -1972
-277, -1961, -1994
-475, -1998, -1490
-579, -1998, -718
-882, -1998, 291
-1218, -1998, 1523
-1249, -1995, 1998
-992, -1582, 1880
-675, -1232, 1451
-,-,-
-1038, -365, -1967
-1214, -817, -1951
-755, -1433, -1997
-430, -1998, -1997
-241, -1998, -1822
-308, -1998, -305
-539, -1998, 1417
-769, -1991, 1998
-982, -1563, 1998
-1136, -1390, 1998
-,-,-
-233, -175, -1967
-236, -131, -1835
-145, -617, -1997
-191, -1707, -1997
-352, -1998, -1990
-1110, -1998, -34
-1345, -1998, 1006
-1387, -1998, 1789
-1359, -1643, 1979
-,-,-
-905, -558, -1529
-766, -1035, -1971
-950, -1498, -1997
-1016, -1960, -1822
-1125, -1998, -1248
-1373, -1998, 129
-1471, -1998, 1299
-1373, -1839, 1580
-,-,-
-724, -47, -1398
-792, -133, -1501
-832, -190, -1725
-785, -449, -1989
-784, -1102, -1997
-747, -1635, -1997
-822, -1924, -1935
-925, -1998, -1041
-1241, -1998, 1541
-1299, -1805, 1657
-,-,-
-1013, -332, -1319
-836, -393, -1664
-649, -746, -1997
-694, -1164, -1994
-888, -1378, -1648
-621, -1998, -1449
-664, -1998, -13
-1048, -1998, 1455
-1169, -1865, 1777
-1106, -1650, 1838
-,-,-
-936, -568, -1887
-974, -886, -1763
-1043, -1444, -1989
-1025, -1948, -1997
-959, -1998, -1736
-995, -1998, -436
-1160, -1998, 1817
-1368, -1920, 1998
-1223, -1533, 1980
-976, -1242, 1793
-759, -1230, 1809
-,-,-
-584, -195, -1471
-575, -509, -1605
-602, -1395, -1997
-780, -1998, -1801
-1000, -1998, -822
-1085, -1998, 739
-1239, -1998, 1992
-1253, -1947, 1998
-,-,-
-439, 390, -985
-478, 158, -1257
-678, -639, -1743
-887, -1817, -1997
-1157, -1998, -1745
-1036, -1998, -1259
-918, -1998, -156
-1181, -1998, 1446
-1267, -1998, 1996
-,-,-
-265, -302, -1853
-200, -959, -1994
-187, -1959, -1997
-308, -1998, -1997
-457, -1998, -1033
-700, -1998, 1026
-924, -1998, 1995
-958, -1994, 1998
-826, -1551, 1998
-,-,-
-658, -761, -1977
-642, -1207, -1981
-843, -1967, -1955
-1070, -1998, -1340
-1238, -1998, -288
-1062, -1998, 346
-941, -1998, 494
-1036, -1998, 1411
-1080, -1850, 1993
-967, -1162, 1733
-,-,-
359, -435, -1997
165, -1070, -1945
-50, -1977, -1997
-475, -1998, -1884
-1125, -1998, -739
-1469, -1998, 1168
-1580, -1998, 1996
-1471, -1933, 1998
-1190, -1146, 1998
-,-,-
-430, -228, -1945
-601, -1096, -1945
-804, -1998, -1997
-532, -1998, -1828
-608, -1998, -623
-1000, -1998, 1443
-1186, -1983, 1998
-1021, -1433, 1998
-738, -990, 1982
-641, -1037, 1803
-,-,-
-864, -320, -1691
-866, -878, -1803
-874, -1565, -1997
-965, -1988, -1997
-903, -1998, -1949
-955, -1998, 655
-955, -1998, 655
-1245, -1998, 1906
-1140, -1224, 1998
-,-,-
-331, -906, -1997
-559, -1699, -1997
-788, -1998, -1756
-844, -1998, -1379
-880, -1998, -634
-1071, -1998, 812
-1183, -1998, 1913
-1032, -1868, 1929
-831, -1365, 1842
-,-,-
-400, -583, -1990
-481, -988, -1997
-533, -1603, -1997
-353, -1991, -1997
-371, -1998, -1645
-817, -1998, 95
-1343, -1998, 1816
-1517, -1998, 1998
-1336, -1712, 1998
-,-,-
-28, 218, -1997
63, -661, -1997
30, -1458, -1997
-159, -1987, -1997
-290, -1998, -1997
-465, -1998, -1810
-905, -1998, 257
-1224, -1998, 1984
-1228, -1901, 1998
-820, -1210, 1987
-,-,-
-682, -979, -1923
-795, -1648, -1997
-594, -1998, -1997
-515, -1998, -1970
-508, -1998, -308
-754, -1998, 1801
-959, -1998, 1998
-854, -1667, 1998
-614, -956, 1998
-409, -753, 1964
-,-,-
-356, -430, -1940
-595, -859, -1996
-725, -1496, -1997
-464, -1998, -1997
-520, -1998, -1761
-736, -1998, 16
-1060, -1998, 1678
-,-,-
-212, -725, -1973
-305, -1495, -1959
-338, -1998, -1997
-570, -1998, -1901
-835, -1998, -831
-1126, -1998, 767
-1466, -1998, 1972
-1197, -1481, 1998
-,-,-
106, -416, -1965
-202, -1027, -1994
-355, -1918, -1997
-450, -1998, -1997
-657, -1998, -1735
-947, -1998, -318
-1382, -1998, 1110
-1532, -1998, 1980
-1347, -1971, 1998
-,-,-
326, -348, -1997
539, -1440, -1977
384, -1998, -1997
-222, -1998, -1835
-1256, -1998, 216
-1872, -1998, 1948
-1674, -1998, 1998
-1109, -1613, 1908
-,-,-
106, 156, -1864
391, 1, -1995
358, -388, -1997
23, -1370, -1997
-531, -1995, -1933
-1094, -1998, -1375
-1476, -1998, -39
-1659, -1998, 1040
-1698, -1998, 1749
-1551, -1847, 1998
-,-,-
101, 187, -1921
163, -688, -1996
-240, -1409, -1997
-662, -1965, -1996
-669, -1998, -1997
-562, -1998, -1892
-666, -1998, 14
-908, -1998, 1814
-1037, -1998, 1998
-,-,-
-124, 232, -1996
-458, -738, -1997
-834, -1418, -1997
-1094, -1984, -1997
-1329, -1998, -1869
-1420, -1998, -569
-1255, -1998, 1056
-1019, -1852, 1769
-822, -1814, 1998
-904, -1289, 1998
-,-,-
87, 351, -1997
-205, -476, -1979
-307, -1411, -1997
-288, -1998, -1997
-485, -1998, -1576
-1131, -1998, 1325
-1767, -1998, 1998
-1253, -1270, 1998
-,-,-
-146, -519, -1997
-117, -1078, -1990
-33, -1496, -1997
-471, -1998, -859
-1423, -1998, 883
-1962, -1998, 1861
-1871, -1975, 1998
-,-,-
-691, -444, -1990
-766, -838, -1927
-685, -1438, -1997
-658, -1998, -1971
-1001, -1998, -1076
-1404, -1998, 1301
-,-,-
50, -945, -1997
-67, -1570, -1817
-414, -1993, -1023
-710, -1998, -439
-975, -1998, 89
-1126, -1998, 697
-1113, -1998, 1198
-,-,-
-709, 64, -1395
-772, -263, -1445
-1055, -380, -1290
-977, -561, -1691
-741, -1258, -1997
-755, -1983, -1941
-1103, -1998, -967
-1339, -1998, 1306
-,-,-
-423, 275, -1880
-266, 45, -1980
-372, -667, -1997
-549, -1816, -1997
-767, -1998, -1997
-846, -1998, -1747
-,-,-
-449, 79, -1884
-452, -326, -1997
-494, -759, -1997
-605, -1300, -1997
-589, -1966, -1997
-652, -1998, -1611
-994, -1998, -95
-1325, -1998, 1760
-,-,-
-488, -67, -1788
-411, -157, -1926
-288, -414, -1997
-31, -1163, -1997
-61, -1863, -1997
-456, -1998, -1601
-1110, -1998, 409
-1787, -1994, 1998
-,-,-
-449, -144, -1816
-868, -370, -1783
-1094, -1170, -1988
-972, -1967, -1997
-921, -1998, -1956
-1124, -1998, -801
-1462, -1998, 749
-1594, -1998, 1781
-1398, -1960, 1998
-,-,-
-285, -283, -1499
-217, -874, -1840
-133, -1801, -1997
-240, -1998, -1960
-1310, -1998, 720
-1371, -1998, 1088
-1246, -1998, 1849
-1106, -1621, 1998
-,-,-
-421, -718, -1991
-508, -560, -1997
-250, -939, -1997
-34, -1896, -1997
-427, -1998, -1282
-1133, -1998, 1091
-1482, -1998, 1637
-1550, -1998, 1242
-,-,-
-58, -691, -1997
29, -1508, -1991
-282, -1998, -1631
-657, -1998, -433
-976, -1998, -3
-1269, -1998, 1013
-1360, -1998, 1574
-1183, -1870, 1651
-,-,-
-273, -20, -1701
-43, -272, -1896
266, -886, -1997
330, -1759, -1984
-188, -1998, -1246
-699, -1998, -1113
-997, -1998, -507
-1281, -1998, 1979
-1297, -1921, 1998
-1181, -1319, 1984
-,-,-
62, -968, -1975
-147, -1817, -1997
-126, -1998, -1993
-77, -1998, -1318
-335, -1998, 133
-785, -1998, 1236
-1063, -1998, 1955
-1098, -1957, 1998
-986, -1666, 1977
-,-,-
221, -666, -1945
292, -1668, -1997
-107, -1998, -1997
-587, -1998, -1924
-768, -1998, -1161
-992, -1998, 299
-1255, -1998, 1827
-1329, -1819, 1998
-1330, -1313, 1998
-,-,-
-958, -354, -1881
-1054, -572, -1997
-969, -1420, -1997
-1111, -1958, -1816
-1414, -1998, -947
-1571, -1872, 109
-1414, -1671, 576
-1435, -1972, 1294
-1520, -1698, 1691
-,-,-
-532, -491, -1949
-609, -701, -1993
-498, -1610, -1997
-699, -1998, -1872
-1167, -1998, -780
-1382, -1998, 248
-1177, -1998, 1139
-1037, -1988, 1908
-1122, -1560, 1998
-886, -667, 1975
-,-,-
-56, 721, -1829
259, 377, -1975
467, -930, -1997
352, -1936, -1997
40, -1998, -1997
-542, -1998, -1739
-1170, -1998, 1007
-1289, -1998, 1998
-993, -1998, 1998
-,-,-
-502, -52, -1950
-359, -427, -1986
-310, -1194, -1997
-140, -1839, -1997
-2, -1998, -1997
-326, -1998, -735
-844, -1998, 1371
-1052, -1998, 1998
-,-,-
-28, -103, -1997
303, -965, -1989
197, -1953, -1997
-411, -1998, -1837
-1257, -1998, -108
-1802, -1998, 1166
-1502, -1867, 1843
-1140, -1344, 1968
-,-,-
-209, -469, -1997
152, -713, -1991
300, -988, -1997
-196, -1761, -1997
-652, -1998, -1918
-1231, -1998, -1185
-1363, -1998, 1286
-1056, -1973, 1650
-,-,-
147, -416, -1997
480, -1751, -1985
193, -1998, -1997
-424, -1998, -1546
-925, -1998, -101
-1133, -1998, 1246
-,-,-
110, -611, -1997
-1, -1223, -1966
-184, -1976, -1997
-422, -1998, -1990
-1190, -1998, -337
-1756, -1998, 1851
-1206, -1473, 1998
-838, -948, 1992
-,-,-
-134, 267, -1970
-172, -413, -1997
-193, -904, -1997
-120, -1426, -1997
-9, -1964, -1997
-24, -1998, -1975
-382, -1998, -519
-1011, -1998, 1628
-1468, -1998, 1998
-,-,-
239, -210, -1986
314, -1306, -1997
-71, -1988, -1997
-256, -1998, -1997
-541, -1998, -1817
-1201, -1998, 324
-1806, -1998, 1964
-1769, -1998, 1998
-1496, -1837, 1998
-,-,-
396, 2, -1997
608, -497, -1997
515, -1577, -1997
183, -1998, -1997
-586, -1998, -1876
-1252, -1998, 139
-1446, -1998, 1909
-1196, -1998, 1998
-907, -1963, 1998
-,-,-
335, -562, -1978
109, -775, -1997
197, -1517, -1997
271, -1998, -1997
-125, -1998, -1779
-1106, -1998, 1327
-1626, -1998, 1998
-,-,-
198, 84, -1996
26, -897, -1997
26, -897, -1997
-303, -1927, -1997
-777, -1998, -1997
-1121, -1998, -387
-1591, -1998, 1460
-1774, -1998, 1998
-1522, -1563, 1998
-,-,-
-222, -993, -1915
-222, -993, -1915
-347, -1888, -1997
-602, -1998, -1983
-1108, -1998, -859
-1659, -1998, 866
-1865, -1998, 1979
-1644, -1833, 1998
-,-,-
291, 272, -1995
-198, -1417, -1997
-863, -1998, -1997
-1458, -1998, -1985
-1905, -1998, -229
-1986, -1998, 1645
-1720, -1998, 1998
-1279, -1609, 1998
-,-,-
184, 666, -1997
410, -16, -1990
296, -712, -1997
-303, -1275, -1997
-883, -1904, -1978
-1074, -1998, -1558
-1352, -1998, -815
-,-,-
-355, 37, -1948
-236, -695, -1996
-402, -1618, -1997
-860, -1998, -1750
-1020, -1998, -998
-953, -1998, -1528
-949, -1998, -522
-966, -1998, 1490
-966, -1996, 1979
-,-,-
-124, 230, -1983
-124, 230, -1983
-21, -494, -1997
-22, -1716, -1997
-371, -1998, -1997
-1173, -1998, -1072
-1418, -1998, 1075
-1554, -1998, 1998
-1415, -1777, 1998
-1228, -1253, 1998
-1072, -1042, 1998
-970, -1029, 1996
-844, -986, 1773
-,-,-
520, -486, -1997
358, -1238, -1977
371, -1979, -1997
267, -1998, -1993
-606, -1998, -5
-1383, -1998, 1998
-1488, -1998, 1998
-1272, -1404, 1998
-,-,-
76, -659, -1992
-106, -945, -1997
-301, -1606, -1997
-457, -1994, -1997
-856, -1998, -1791
-1584, -1998, 191
-1988, -1998, 1849
-1915, -1819, 1998
-,-,-
-152, -1092, -1941
-527, -1421, -1997
-855, -1953, -1544
-1213, -1998, -654
-1546, -1998, -116
-1706, -1998, 734
-1614, -1994, 1410
-,-,-
159, 492, -1992
294, -165, -1993
-65, -820, -1997
-470, -1903, -1997
-896, -1998, -1997
-1320, -1998, -1642
-1532, -1998, 82
-1600, -1998, 1434
-1568, -1943, 1998
-,-,-
114, 194, -1967
261, -586, -1997
128, -1514, -1997
-99, -1998, -1997
-502, -1998, -1731
-1094, -1998, -59
-1701, -1998, 1745
-1807, -1998, 1998
-1483, -1539, 1995
-,-,-
733, -6, -1940
639, -1006, -1997
375, -1981, -1997
-79, -1998, -1997
-650, -1998, -1455
-1603, -1998, 639
-1995, -1998, 1988
-1897, -1810, 1998
-1540, -1353, 1998
-1226, -1175, 1969
-1049, -1325, 1685
-,-,-
-524, 58, -1818
-790, -791, -1603
-1060, -1513, -1995
-1215, -1998, -1953
-1259, -1998, -1417
-1192, -1998, -477
-1223, -1998, 404
-1095, -1992, 1230
-943, -1545, 1974
-,-,-
82, 732, -1997
258, 567, -1955
193, -1160, -1997
-933, -1998, -1780
-1967, -1998, -975
-1998, -1998, -1103
-1903, -1998, 94
-1545, -1998, 1272
-1167, -1997, 1940
-,-,-
-180, 28, -1945
-100, -687, -1997
-70, -1941, -1997
-449, -1998, -1862
-948, -1998, -778
-1335, -1998, 963
-1317, -1998, 1993
-1129, -1842, 1998
-,-,-
65, 365, -1997
-22, -15, -1923
-14, -1409, -1997
-259, -1998, -1997
-308, -1998, -1997
-294, -1998, -1594
-699, -1998, -132
-1277, -1998, 1279
-1030, -1777, 1998
-820, -1291, 1998
-,-,-
90, 221, -1997
-142, -789, -1951
-401, -1966, -1997
-665, -1998, -1997
-1019, -1998, -1876
-1574, -1998, 1870
-1384, -1998, 1998
-,-,-
303, 44, -1982
303, 44, -1982
152, -440, -1997
1, -1101, -1997
-30, -1977, -1997
-505, -1998, -1952
-1128, -1998, -448
-1553, -1998, 241
-1700, -1998, 829
-,-,-
-329, -911, -1997
-368, -1570, -1981
-287, -1998, -1997
-384, -1998, -1924
-911, -1998, -585
-1542, -1998, 1197
-1698, -1998, 1998
-1138, -1403, 1969
-803, -1321, 1890
-,-,-
593, 213, -1992
324, -1148, -1997
-103, -1998, -1997
-623, -1998, -1997
-994, -1998, -1410
-1345, -1998, 587
-1644, -1998, 1958
-1657, -1989, 1998
-1410, -1449, 1998
-,-,-
217, -736, -1969
-206, -1942, -1997
-679, -1998, -1997
-973, -1998, -1997
-1044, -1998, -831
-1064, -1998, 1767
-891, -1997, 1998
-645, -1577, 1998
-425, -1029, 1998
-,-,-
-40, -202, -1897
-332, -762, -1821
-456, -1653, -1990
-447, -1998, -1997
-433, -1998, -1992
-770, -1998, -871
-1189, -1998, 787
-1321, -1998, 1750
-1052, -1764, 1998
-779, -1329, 1998
-659, -1031, 1998
-,-,-
-33, 266, -1997
73, -80, -1972
-45, -644, -1997
-215, -1734, -1997
-348, -1998, -1997
-553, -1998, -1699
-832, -1998, 605
-1169, -1998, 1989
-1313, -1993, 1998
-,-,-
468, 57, -1963
307, -668, -1997
6, -1675, -1997
-66, -1998, -1997
-213, -1998, -1823
-783, -1998, -344
-1319, -1998, 813
-1555, -1998, 1768
-1432, -1998, 1998
-1320, -1388, 1998
-1017, -751, 1998
-,-,-
-120, 44, -1983
-273, -445, -1997
-410, -837, -1997
-340, -1022, -1997
-315, -1855, -1997
-736, -1998, -1774
-1483, -1998, 53
-1984, -1998, 1747
-1917, -1966, 1998
-,-,-
133, -92, -1979
-46, -1390, -1997
-467, -1998, -1997
-772, -1998, -1997
-898, -1998, -1630
-1115, -1998, 268
-1477, -1998, 1980
-1664, -1867, 1998
-1489, -1162, 1998
-,-,-
91, 709, -1995
255, 48, -1926
147, -957, -1997
-184, -1840, -1997
-530, -1998, -1997
-772, -1998, -1957
-1216, -1998, -392
-1617, -1998, 1732
-1426, -1998, 1998
-1023, -1624, 1998
-472, -816, 1932
-,-,-
1143, 8, -1997
1004, -1639, -1997
52, -1998, -1659
-955, -1998, -1651
-1692, -1998, -1264
-1946, -1998, 1509
-1837, -1998, 1998
-1286, -1860, 1931
-,-,-
-863, -1393, -1961
-1112, -1860, -1997
-1142, -1998, -1997
-898, -1998, -1997
-792, -1998, -946
-938, -1998, 1649
-1127, -1925, 1998
-1009, -919, 1998
-,-,-
-1016, -1998, -1941
-999, -1998, -1914
-993, -1998, -912
-1164, -1998, 685
-1477, -1964, 1946
-1407, -1363, 1998
-1145, -894, 1998
-832, -481, 1928
-,-,-
-336, -557, -1958
-653, -766, -1997
-743, -1656, -1997
-451, -1998, -1997
-79, -1998, -1960
-40, -1998, -497
-467, -1998, 1410
-,-,-
-532, -314, -1997
-464, -559, -1947
-656, -566, -1997
-596, -1029, -1997
-483, -1907, -1997
-1229, -1998, 699
-1407, -1998, 1619
-1260, -1770, 1928
-,-,-
-78, -485, -1977
-345, -735, -1727
-472, -1204, -1996
-498, -1945, -1997
-829, -1998, -1639
-1942, -1998, 1750
-1934, -1911, 1998
-1600, -977, 1998
-,-,-
-1034, -1150, -1925
-1184, -1998, -1997
-1211, -1998, -1997
-916, -1998, -1463
-707, -1998, 170
-722, -1998, 1532
-978, -1997, 1998
-,-,-
263, 371, -1997
182, -472, -1973
103, -1867, -1997
-82, -1998, -1997
-337, -1998, -1923
-1009, -1998, -598
-1603, -1998, 990
-1313, -1934, 1340
-,-,-
-535, -1972, -1992
-213, -1998, -1997
-213, -1998, -1514
-1010, -1998, 836
-1695, -1998, 1998
-1672, -1655, 1998
-1375, -1014, 1990
-,-,-
-264, -988, -1997
-491, -1985, -1954
-631, -1998, -1618
-607, -1998, -616
-1027, -1998, 1579
-1444, -1998, 1998
-1422, -1724, 1998
-,-,-
-254, -367, -1996
-393, -953, -1997
-858, -1127, -1956
-1035, -1873, -1787
-1052, -1998, -1997
-1246, -1998, -782
-1465, -1998, 1735
-1217, -1446, 1983
-,-,-
-864, -9, -1845
-966, -915, -1928
-968, -1821, -1997
-985, -1998, -1997
-827, -1998, -1647
-891, -1998, 1400
-,-,-
-611, -803, -1990
-751, -1921, -1943
-1068, -1998, -1878
-1242, -1998, -889
-955, -1998, -319
-846, -1998, 1672
-911, -1471, 1998
-873, -965, 1938
-916, -1033, 1995
-,-,-
-471, -491, -1930
-656, -825, -1933
-766, -1774, -1997
-893, -1998, -1969
-1044, -1998, -838
-1186, -1998, 878
-1167, -1998, 1257
-1168, -1989, 1427
-,-,-
381, -705, -1992
381, -705, -1992
-248, -1919, -1997
-1924, -1998, -931
-1974, -1998, 96
-1617, -1998, 1703
-1106, -1392, 1998
-762, -1065, 1996
-779, -1028, 1992
-,-,-
313, -41, -1997
-35, -200, -1997
-482, -553, -1997
-777, -1726, -1985
-1584, -1998, -1438
-1998, -1998, 315
-1906, -1995, 1981
-1338, -1599, 1998
-940, -1241, 1986
-,-,-
-484, 638, -1642
-601, 249, -1949
-814, -1165, -1997
-1326, -1998, -1997
-1919, -1998, -1891
-1698, -1998, -1258
-1197, -1998, -494
-1103, -1998, 1220
-,-,-
-244, -1201, -1972
-439, -1959, -1997
-1116, -1998, -1402
-1501, -1998, -659
-1413, -1998, -355
-1184, -1998, 1341
-1042, -1998, 1998
-,-,-
455, 883, -1997
39, -66, -1964
-277, -1709, -1997
-807, -1998, -1997
-1430, -1998, -1851
-1593, -1998, -53
-1470, -1998, 1363
-1361, -1998, 1998
-821, -1018, 1998
-,-,-
-483, 322, -1919
-480, -394, -1997
-643, -1429, -1997
-791, -1998, -1997
-740, -1998, -1997
-844, -1998, -1152
-1181, -1998, 1505
-1288, -1915, 1998
-1140, -1352, 1998
-,-,-
-320, 275, -1957
-341, -717, -1997
-331, -1561, -1997
-388, -1998, -1997
-433, -1998, -1858
-598, -1998, -729
-968, -1998, 881
-1198, -1998, 1996
-1223, -1645, 1998
-1173, -1319, 1998
-,-,-
450, 961, -1993
443, 346, -1997
190, -487, -1997
-95, -1441, -1997
-294, -1998, -1997
-816, -1998, -1662
-1544, -1998, 701
-1919, -1998, 1998
