-,-,-
1840, 692, -564
1997, 295, -887
1997, -149, -855
1997, 899, -929
1581, 1895, -1114
-1425, 1997, -825
-1998, 1997, -427
-1998, 1997, 583
-1998, 1753, 1301
-1998, 1008, 1396
-1998, 298, 1549
-1917, 50, 1237
-,-,-
1302, 266, -943
1997, -3, -1345
1997, -960, -1777
1997, -1030, -1972
1962, 1442, -1803
-601, 1997, -1208
-1998, 1997, 289
-1998, 1997, 1268
-1998, 1997, 1572
-1998, 1904, 1991
-,-,-
480, 336, -728
1888, 805, -1701
1997, 631, -1553
1997, 435, -1405
1997, 445, -1485
1562, 1568, -1349
-1606, 1997, -702
-1998, 1997, 1545
-1998, 1997, 1998
-1998, 1997, 1998
-,-,-
1148, 1012, -479
1997, 821, -889
1997, -474, -1911
1997, -479, -1997
1997, 1257, -1963
8, 1997, -1328
-1998, 1997, 432
-1998, 1997, 1650
-1998, 1997, 1521
-1998, 1782, 1582
-,-,-
404, 282, -193
1849, 856, -946
1997, 235, -1523
1997, -317, -1997
1997, 449, -1997
1898, 1900, -1919
-1342, 1997, -948
-1998, 1997, 1057
-1998, 1997, 1884
-,-,-
172, 182, -575
172, 182, -575
1701, 566, -1074
1997, 136, -1329
1997, -352, -1956
1997, 330, -1997
1895, 1892, -1997
-1178, 1997, -1936
-1998, 1997, 218
-1998, 1997, 1454
-,-,-
771, -5, -625
1934, -153, -1357
1997, -561, -1996
1997, -252, -1997
1997, 1643, -1952
1014, 1997, -1390
-1985, 1997, 55
-1998, 1997, 663
-1998, 1997, 1046
-1998, 1967, 1642
-,-,-
275, 34, -551
275, 34, -551
1670, 410, -1340
1997, -198, -1989
1997, -122, -1997
1997, 750, -1990
1928, 1996, -1931
-1255, 1997, -732
-1998, 1997, 1710
-1998, 1997, 1982
-1998, 1997, 1998
-1998, 1618, 1998
-,-,-
1491, 533, -916
1997, 208, -1547
1997, -307, -1668
1997, -84, -1997
1997, 1512, -1834
27, 1997, -695
27, 1997, -695
-1998, 1997, 917
-1998, 1997, 1888
-1998, 1997, 1724
-1998, 1997, 1745
-,-,-
222, -54, -443
222, -54, -443
1651, -117, -992
1997, -314, -1215
1997, -650, -1587
1997, 235, -1850
1845, 1907, -1519
-1045, 1997, -240
-1998, 1997, 895
-1998, 1997, 1430
-1998, 1997, 1987
-1998, 1970, 1998
-,-,-
170, 223, -26
1421, 507, -613
1997, -453, -1493
1997, -1761, -1997
1997, -1808, -1997
1872, 87, -1932
-1049, 1986, -669
-1998, 1997, 1530
-1998, 1997, 1853
-1998, 1997, 1998
-,-,-
-392, -373, -140
163, -104, -5
1116, 648, -115
1997, 741, -201
1997, 15, -467
1997, -651, -1009
1997, -193, -1235
831, 1152, -1525
-1895, 1997, -1103
-1998, 1997, 319
-1998, 1997, 996
-1998, 1997, 1872
-,-,-
-376, -342, -240
-63, 103, -221
898, 759, -236
1929, 905, -547
1997, 24, -1331
1997, -902, -1995
1997, -1203, -1997
1761, 850, -1997
-1328, 1997, -1343
-1998, 1997, 1572
-1998, 1997, 1897
-1998, 1997, 1996
-,-,-
498, 79, -260
1654, 185, -378
1997, -73, -876
1997, -379, -1612
1997, -411, -1981
1997, 348, -1997
260, 1820, -1772
-1991, 1997, -165
-1998, 1997, 1457
-1998, 1997, 1647
-1998, 1997, 1998
-,-,-
356, 317, -240
1726, 350, -605
1997, -85, -1418
1997, -604, -1983
1997, -729, -1997
1968, 1172, -1997
-830, 1997, -1465
-1998, 1997, 977
-1998, 1997, 1928
-1998, 1997, 1998
-,-,-
366, 107, -395
366, 107, -395
1748, 561, -868
1997, -98, -1414
1997, -248, -1665
1997, 520, -1988
1655, 1871, -1997
-1311, 1997, -1409
-1998, 1997, 962
-1998, 1997, 1859
-,-,-
59, 26, -221
1280, 407, -686
1997, 136, -1637
1997, -625, -1997
1997, -709, -1997
1997, 1203, -1997
503, 1997, -1488
-1997, 1997, 1172
-1998, 1997, 1998
-1998, 1997, 1998
-,-,-
-338, -364, -284
-37, -178, -400
974, 140, -773
1993, -93, -1552
1997, -584, -1997
1997, -820, -1997
1997, 360, -1997
1437, 1946, -1695
-1526, 1997, -85
-1998, 1997, 1924
-1998, 1997, 1998
-1998, 1997, 1998
-,-,-
763, 106, -1015
1955, -312, -1892
1997, -1019, -1997
1997, -611, -1997
1997, 1424, -1997
1522, 1997, -982
-1077, 1997, 1654
-1998, 1997, 1998
-1998, 1997, 1998
-1998, 1997, 1998
-,-,-
-25, -151, -278
835, 302, -650
1969, 323, -1563
1997, -748, -1997
1997, -778, -1997
1997, 1351, -1997
781, 1997, -1383
-1982, 1997, 1220
-1998, 1997, 1998
-1998, 1997, 1998
-1998, 1982, 1998
-,-,-
134, 37, -524
1491, 375, -1483
1997, -332, -1997
1997, -850, -1997
1997, -691, -1997
1997, 1243, -1985
670, 1997, -1325
-1860, 1997, 818
-1998, 1997, 1998
-1998, 1997, 1998
-,-,-
721, 35, -1013
1951, -216, -1856
1997, -920, -1997
1997, -1261, -1997
1997, 1104, -1997
1931, 1997, -1807
-1111, 1997, 440
-1998, 1997, 1998
-1998, 1997, 1998
-1998, 1997, 1998
-1998, 1614, 1998
-,-,-
240, 10, -518
1508, 152, -1179
1997, -50, -1840
1997, -118, -1858
1997, 666, -1576
1997, 1978, -1765
-763, 1997, -1392
-1998, 1997, 122
-1998, 1997, 1662
-1998, 1997, 1998
-,-,-
1369, -106, -1146
1997, -169, -1976
1997, -187, -1997
1997, 948, -1997
1997, 1994, -1968
795, 1997, -626
-1967, 1997, 1098
-1998, 1997, 1852
-1998, 1997, 1974
-1998, 1903, 1998
-1998, 894, 1998
-,-,-
1545, 269, -1473
1997, -390, -1983
1997, -909, -1997
1997, 204, -1997
1997, 1968, -1997
-208, 1997, -1042
-1998, 1997, 1746
-1998, 1997, 1998
-1998, 1997, 1998
-1998, 1424, 1998
-,-,-
762, 147, -1142
1962, -138, -1956
1997, -939, -1997
1997, -355, -1997
1997, 1799, -1997
801, 1997, -1457
-1990, 1997, 1444
-1998, 1997, 1998
-1998, 1997, 1878
-1998, 1775, 1777
-,-,-
230, -326, -574
1470, -260, -1258
1997, -706, -1993
1997, -887, -1997
1997, 535, -1997
1997, 1990, -1824
-294, 1997, -210
-1995, 1997, 1377
-1998, 1997, 1682
-1998, 1997, 1666
-,-,-
79, -340, -725
1342, -243, -1588
1997, -333, -1997
1997, -262, -1997
1997, 1239, -1997
1997, 1997, -1974
-110, 1997, -947
-1998, 1997, 1527
-1998, 1997, 1998
-1998, 1997, 1998
-1998, 1301, 1998
-1998, 101, 1998
-,-,-
1306, -702, -1691
1997, -1140, -1997
1997, -1061, -1997
1997, 1256, -1997
1913, 1997, -1978
-914, 1997, 254
-1998, 1997, 1998
-1998, 1997, 1998
-1998, 1997, 1998
-1998, 1376, 1998
-,-,-
1797, -29, -1718
1997, -524, -1997
1997, -512, -1997
1997, 1423, -1997
1989, 1997, -1997
-1087, 1997, -343
-1998, 1997, 1937
-1998, 1997, 1936
-1998, 1977, 1802
-1998, 922, 1998
-1998, 363, 1966
-1926, 193, 1683
-,-,-
1112, -450, -1093
1968, -562, -1673
1997, -684, -1997
1997, -292, -1997
1997, 1293, -1997
1988, 1997, -1945
-423, 1997, -538
-1998, 1997, 1588
-1998, 1997, 1998
-1998, 1997, 1998
-1998, 1680, 1998
-1998, 739, 1773
-,-,-
1175, 48, -1184
1995, -77, -1885
1997, -341, -1997
1997, 771, -1997
1997, 1997, -1997
1554, 1997, -1762
-1555, 1997, -213
-1998, 1997, 1698
-1998, 1997, 1998
-1998, 1997, 1729
-,-,-
1564, -483, -1437
1997, -1082, -1997
1997, -689, -1997
1997, 1106, -1997
1997, 1997, -1997
168, 1997, -1547
-1998, 1997, 750
-1998, 1997, 1998
-1998, 1997, 1998
-1998, 1803, 1998
-1998, 510, 1895
-,-,-
1148, -466, -1469
1996, -510, -1980
1997, -552, -1997
1997, 1198, -1997
1868, 1997, -485
1868, 1997, -485
-1323, 1997, 1143
-1998, 1997, 700
-1998, 1997, -239
-1998, 1801, 562
-1998, 924, 1014
-1998, 241, 1291
-,-,-
880, -88, -990
1978, -222, -1677
1997, -662, -1997
1997, -669, -1997
1997, 1235, -1997
1995, 1997, -1904
-625, 1997, 32
-1998, 1997, 1970
-1998, 1997, 1998
-1998, 1997, 1998
-1998, 1281, 1733
-,-,-
1931, 261, -1482
1997, -621, -1997
1997, -1105, -1997
1997, 908, -1997
1989, 1997, -1990
-756, 1997, -853
-1998, 1997, 1346
-1998, 1997, 1958
-1998, 1997, 1803
-1998, 1702, 1631
-,-,-
1985, -116, -1519
1997, -666, -1997
1997, -448, -1997
1997, 1586, -1997
1997, 1997, -1914
299, 1997, -331
-1998, 1997, 1848
-1998, 1997, 1998
-1998, 1997, 1998
-1998, 1310, 1982
-1998, 471, 1624
-,-,-
1997, -1202, -1997
1997, -1750, -1997
1997, 187, -1997
1997, 1989, -1997
1997, 1997, -1788
-214, 1997, 535
-1998, 1997, 1998
-1998, 1997, 1998
-1998, 1997, 1998
-1998, 1550, 1998
-1998, 1074, 1823
-1998, 821, 1279
-,-,-
1997, -1412, -1997
1997, 82, -1997
1997, 1962, -1997
1997, 1997, -1989
640, 1997, -341
-1795, 1997, 1810
-1998, 1997, 1998
-1998, 1997, 1998
-1998, 1619, 1996
-1998, 554, 1681
-1998, 206, 719
-1998, 206, 719
-1998, -141, 403
-1998, -264, 551
-,-,-
1962, -445, -1905
1962, -445, -1905
1997, -325, -1997
1997, 1327, -1997
1997, 1997, -1997
669, 1997, -1206
-1966, 1997, 1560
-1998, 1997, 1998
-1998, 1997, 1998
-1998, 1782, 1998
-1998, 618, 1825
-1988, 292, 1294
-,-,-
1513, 204, -1244
1997, -653, -1987
1997, -1513, -1997
1997, -6, -1997
1997, 1946, -1997
1164, 1997, -1083
-1895, 1997, 1570
-1998, 1997, 1998
-1998, 1997, 1998
-1998, 1970, 1998
-,-,-
1997, -499, -1792
1997, -773, -1997
1997, -354, -1997
1997, 1584, -1997
1997, 1997, -1955
352, 1997, -280
-1998, 1997, 1980
-1998, 1997, 1998
-1998, 1997, 1998
-1998, 1882, 1998
-,-,-
1997, 15, -1859
1997, -695, -1997
1997, 435, -1997
1997, 1988, -1997
1685, 1997, -1540
-1751, 1997, 1120
-1998, 1997, 1998
-1998, 1997, 1998
-1998, 1936, 1998
-1998, 765, 1752
-,-,-
1275, 481, -794
1990, 591, -1344
1997, -306, -1926
1997, -774, -1997
1997, 1328, -1997
679, 1997, -1372
-1998, 1997, 1428
-1998, 1997, 1998
-1998, 1997, 1998
-,-,-
1997, -75, -1984
1997, -1372, -1997
1997, -624, -1997
1997, 1830, -1997
-179, 1997, -680
-1998, 1997, 1805
-1998, 1997, 1980
-1998, 1997, 1989
-1998, 1403, 1998
-1998, 724, 1937
-,-,-
776, 191, -576
1915, 3, -1207
1997, -267, -1955
1997, -958, -1997
1997, 611, -1997
1996, 1997, -1900
-1080, 1997, 55
-1998, 1997, 1986
-1998, 1997, 1998
-1998, 1997, 1998
-1998, 1419, 1998
-,-,-
1948, 324, -1190
1997, -149, -1964
1997, -846, -1997
1997, 468, -1997
1997, 1976, -1753
-405, 1997, -9
-1998, 1997, 1836
-1998, 1997, 1556
-1998, 1993, 1415
-1998, 1427, 1596
-1998, 1031, 1988
-,-,-
1974, 1260, -1194
1997, -214, -1745
1997, -1140, -1997
1997, 1117, -1997
1486, 1997, -1461
-1940, 1997, 362
-1998, 1997, 1667
-1998, 1997, 1998
-1998, 1996, 1998
-,-,-
566, 268, -373
1729, 439, -982
1997, 182, -1626
1997, -1049, -1997
1997, -85, -1997
1997, 1980, -1974
-544, 1997, -632
-1998, 1997, 1742
-1998, 1997, 1996
-1998, 1997, 1998
-,-,-
1997, 93, -1195
1997, -567, -1976
1997, -1004, -1997
1997, 838, -1991
1354, 1997, -1182
-1776, 1997, 1108
-1998, 1997, 1998
-1998, 1997, 1998
-1998, 1801, 1998
-1998, 530, 1977
-1998, 164, 1503
-,-,-
582, 375, -309
1712, 818, -844
1997, 294, -1279
1997, -1146, -1996
1997, -1717, -1997
1997, 834, -1988
14, 1997, -1660
-1998, 1997, 1350
-1998, 1997, 1998
-1998, 1997, 1998
-,-,-
1536, 610, -1025
1997, 33, -1694
1997, -1408, -1997
1997, -1375, -1997
1997, 1375, -1966
351, 1997, -759
-1998, 1997, 1753
-1998, 1997, 1998
-1998, 1997, 1998
-1998, 1720, 1998
-,-,-
-17, -73, -259
-17, -73, -259
992, 431, -394
1997, 762, -716
1997, -592, -1547
1997, -1821, -1997
1997, -430, -1997
1539, 1954, -1706
-1803, 1997, -138
-1998, 1997, 1990
-,-,-
1969, 17, -1422
1969, 17, -1422
1997, -209, -1941
1997, -792, -1997
1997, 188, -1996
1997, 1951, -1749
-5, 1997, -276
-1998, 1997, 1691
-1998, 1997, 1776
-1998, 1997, 1563
-,-,-
1869, 710, -963
1997, -301, -1576
1997, -1244, -1997
1997, 214, -1997
1739, 1993, -1905
-1687, 1997, -383
-1998, 1997, 1837
-1998, 1997, 1985
-,-,-
1409, 344, -646
1997, 218, -1118
1997, -833, -1967
1997, -907, -1997
1997, 1287, -1997
918, 1997, -1581
-1968, 1997, 310
-1998, 1997, 1977
-1998, 1997, 1918
-1998, 1975, 1689
-,-,-
1997, -48, -1697
1997, -48, -1697
1997, -1240, -1997
1997, -914, -1997
-1125, 1700, -1279
-1998, 1997, 1353
-1998, 1997, 1979
-1998, 1997, 1998
-1998, 1905, 1998
-1998, 1272, 1998
-,-,-
723, 192, -356
723, 192, -356
1762, 189, -429
1997, -565, -941
1997, -1523, -1939
1997, -791, -1997
1448, 1689, -1880
-1680, 1997, -796
-1998, 1997, 917
-1998, 1997, 1821
-,-,-
-99, -212, -378
855, -114, -716
1981, 26, -1068
1997, -66, -1673
1997, -222, -1997
1997, 443, -1997
1572, 1868, -1971
-1161, 1997, -479
-1998, 1997, 1190
-1998, 1997, 1521
-1998, 1997, 1852
-,-,-
907, 205, -549
907, 205, -549
1989, -62, -863
1997, -1055, -1847
1997, -1408, -1997
1997, 581, -1997
-226, 1997, -1534
-1998, 1997, 1005
-1998, 1997, 1998
-1998, 1977, 1998
-,-,-
628, 76, -266
1496, 714, -465
1997, -8, -921
1997, -762, -1867
1997, -988, -1997
1997, 1001, -1841
-17, 1997, -1153
-1998, 1997, 442
-1998, 1997, 1587
-1998, 1997, 1998
-1998, 1861, 1969
-,-,-
1892, 301, -1265
1997, 7, -1927
1997, -724, -1997
1997, 1151, -1997
1774, 1997, -1754
-1744, 1997, -473
-1998, 1997, 1992
-1998, 1997, 1998
-1998, 1980, 1998
-1998, 902, 1805
-,-,-
1393, 401, -772
1997, 322, -1213
1997, -1105, -1818
1997, -1199, -1997
1997, 1685, -1992
1058, 1997, -1068
-1998, 1997, 399
-1998, 1997, 1892
-1998, 1997, 1998
-,-,-
1231, 363, -814
1997, 378, -1310
1997, -1068, -1938
1997, -1636, -1997
1997, 1010, -1997
584, 1997, -1941
-1998, 1997, -212
-1998, 1997, 1829
-1998, 1997, 1998
-,-,-
1741, -59, -1129
1997, -299, -1870
1997, -1319, -1997
1997, 441, -1997
1997, 1997, -1934
-766, 1997, -905
-1998, 1997, 697
-1998, 1997, 1579
-1998, 1997, 1987
-,-,-
1361, 481, -741
1997, 506, -990
1997, -395, -1617
1997, -902, -1997
1997, 601, -1997
1683, 1995, -1997
-1684, 1997, -1074
-1998, 1997, 1801
-1998, 1997, 1998
-1998, 1963, 1998
-,-,-
1846, 82, -1021
1997, -122, -1500
1997, -984, -1997
1997, 1003, -1997
1567, 1997, -1997
-1812, 1997, -1835
-1998, 1997, 501
-1998, 1997, 1598
-1998, 1997, 1998
-,-,-
1254, -104, -651
1978, -169, -1440
1997, -629, -1995
1997, -363, -1997
1997, 1716, -1796
598, 1997, -1403
-1998, 1997, 118
-1998, 1997, 989
-1998, 1997, 1261
-1998, 1433, 1406
-,-,-
1941, -206, -1700
1997, -560, -1997
1997, -565, -1997
1997, 1557, -1997
1927, 1997, -1996
-1155, 1997, -1090
-1998, 1997, 318
-1998, 1997, 1546
-1998, 1997, 1998
-,-,-
428, 218, -224
1480, 283, -1069
1997, -387, -1856
1997, -1454, -1997
1997, -716, -1997
1997, 1661, -1997
333, 1997, -1737
-1998, 1997, 671
-1998, 1997, 1596
-1998, 1997, 1351
-,-,-
1087, 498, -789
1996, 351, -1484
1997, -1089, -1996
1997, -1740, -1997
1997, 1089, -1997
1367, 1997, -1997
-1883, 1997, -553
-1998, 1997, 1988
-1998, 1997, 1998
-,-,-
1919, 311, -1001
1997, -223, -1824
1997, -1141, -1997
1997, 475, -1997
1997, 1997, -1997
-609, 1997, -1321
-1998, 1997, 1482
-1998, 1997, 1998
-1998, 1997, 1998
-,-,-
1997, 272, -1199
1997, -196, -1926
1997, -549, -1997
1997, 1624, -1997
1997, 1997, -1982
-470, 1997, -679
-1998, 1997, 1170
-1998, 1997, 925
-1998, 1997, 1146
-1998, 1435, 1682
-,-,-
1640, 1441, -1195
1997, 1542, -917
1997, 382, -1327
1997, 342, -1997
1997, 1267, -1996
-100, 1997, -1030
-1998, 1997, 1496
-1998, 1997, 1998
-1998, 1997, 1998
-,-,-
-538, 81, 131
606, 769, -460
1946, 1042, -643
1997, 513, -967
1997, 1181, -1109
1997, 1983, -1062
74, 1997, -778
-1998, 1997, -345
-1998, 1997, 244
-1998, 1997, 1774
-,-,-
1942, 940, -1268
1942, 940, -1268
1997, 575, -1077
1997, 526, -921
1997, 1840, -1417
232, 1997, -1377
-1998, 1997, -337
-1998, 1997, 953
-1998, 1997, 1633
-,-,-
1996, 1072, -1606
1997, 71, -1983
1997, 531, -1997
1965, 1933, -1816
-1039, 1997, -979
-1998, 1997, 1449
-1998, 1997, 1749
-1998, 1846, 1998
-1998, 812, 1982
-,-,-
1751, 998, -690
1997, 730, -1617
1997, 172, -1997
1997, 515, -1997
1901, 1615, -1916
-1060, 1997, -863
-1998, 1997, 1528
-1998, 1997, 1998
-1998, 1997, 1998
-,-,-
1362, 823, -624
1997, 634, -1439
1997, 634, -1439
1997, 101, -1997
1997, -182, -1997
1997, 1308, -1726
216, 1997, -1217
-1998, 1997, 462
-1998, 1997, 1436
-,-,-
797, 770, -541
1978, 1226, -1196
1997, 13, -1970
1997, -603, -1997
1997, 812, -1995
1139, 1997, -1815
-1954, 1997, 282
-1998, 1997, 1856
-1998, 1997, 1998
-1998, 1969, 1998
-,-,-
1233, 787, -782
1997, 824, -1488
1997, -80, -1997
1997, -624, -1997
1997, 1166, -1997
1555, 1997, -1496
-1787, 1997, 849
-1998, 1997, 1998
-1998, 1997, 1998
-,-,-
844, 178, -758
1938, 806, -1291
1997, 278, -1964
1997, 179, -1997
1997, 1434, -1975
1261, 1997, -1508
-1976, 1997, 59
-1998, 1997, 1421
-1998, 1997, 1964
-,-,-
1228, 388, -1268
1997, 29, -1997
1997, -769, -1997
1997, -185, -1997
1997, 1746, -1996
452, 1997, -1725
-1998, 1997, 309
-1998, 1997, 1978
-1998, 1997, 1998
-,-,-
1847, 778, -1683
1997, -97, -1997
1997, -729, -1997
1997, 700, -1997
1871, 1997, -1997
-1162, 1997, -739
-1998, 1997, 1498
-1998, 1997, 1998
-1998, 1997, 1998
-1998, 1820, 1998
-,-,-
1997, 26, -1509
1997, -271, -1997
1997, 926, -1882
1997, 1997, -1286
70, 1997, -635
70, 1997, -635
-1998, 1997, 223
-1998, 1997, 1078
-1998, 1997, 1983
-,-,-
1755, 486, -1299
1997, -143, -1975
1997, -600, -1997
1997, 687, -1997
1866, 1997, -1858
-1349, 1997, -346
-1998, 1997, 1872
-1998, 1997, 1998
-1998, 1997, 1998
-1998, 1480, 1995
-,-,-
1879, -60, -1586
1997, -810, -1997
1997, -822, -1997
1997, 1432, -1997
1819, 1997, -1170
-1413, 1997, 353
-1998, 1997, 760
-1998, 1997, 912
-1998, 1997, 1467
-,-,-
326, -169, -308
1035, 309, -751
1995, 742, -1481
1997, -165, -1993
1997, -25, -1997
1997, 1695, -1990
1276, 1997, -1450
-1952, 1997, -1096
-1998, 1997, 135
-1998, 1997, 945
-,-,-
397, 269, -370
1617, 598, -877
1997, -164, -1657
1997, -1010, -1997
1997, -831, -1997
1879, 1289, -1995
-1273, 1997, -1407
-1998, 1997, 398
-1998, 1997, 1037
-1998, 1997, 1482
-,-,-
690, 84, -770
690, 84, -770
1822, 348, -1287
1997, -81, -1679
1997, -332, -1997
1997, 584, -1997
1904, 1966, -1993
-1351, 1997, -816
-1998, 1997, 1543
-1998, 1997, 1375
-1998, 1995, 1356
-,-,-
1262, 192, -532
1996, 284, -1042
1997, -156, -1745
1997, -283, -1997
1997, 1401, -1997
1753, 1997, -1917
-1544, 1997, -333
-1998, 1997, 1478
-1998, 1997, 1815
-1998, 1997, 1942
-,-,-
1997, -328, -1397
1997, -607, -1990
1997, -238, -1997
1997, 1679, -1997
1709, 1997, -1874
-1711, 1997, -754
-1998, 1997, 1141
-1998, 1997, 1336
-1998, 1821, 1054
-1998, 751, 1148
-,-,-
1997, -354, -1273
1997, -986, -1919
1997, -942, -1997
1997, 952, -1997
1744, 1997, -1731
-1669, 1997, 68
-1998, 1997, 1903
-1998, 1997, 1998
-1998, 1927, 1970
-1998, 983, 1952
-1998, 484, 1356
-,-,-
1997, -505, -1300
1997, -1288, -1937
1997, -1039, -1997
1997, 1067, -1997
1727, 1997, -1902
-1555, 1997, -244
-1998, 1997, 1228
-1998, 1997, 1215
-1998, 1997, 1554
-1998, 1695, 1868
-,-,-
1979, 299, -1081
1997, -795, -1863
1997, -1426, -1997
1997, 649, -1997
1997, 1997, -1995
-233, 1997, -1349
-1998, 1997, 1621
-1998, 1997, 1998
-1998, 1997, 1908
-,-,-
1997, -360, -1820
1997, -1258, -1997
1997, -1148, -1997
1997, 1338, -1997
1842, 1997, -1813
-1448, 1997, 679
-1998, 1997, 1998
-1998, 1997, 1840
-,-,-
1997, -362, -1698
1997, -926, -1997
1997, -989, -1997
1997, 1174, -1997
1997, 1997, -1958
-263, 1997, -86
-1998, 1997, 1429
-1998, 1997, 1545
-1998, 1997, 1872
-,-,-
1124, -105, -873
1978, -773, -1831
1997, -1787, -1997
1997, -1529, -1997
1997, 763, -1997
1997, 1997, -1550
589, 1997, 30
589, 1997, 30
-1849, 1997, 1143
-1998, 1997, 1728
-1998, 1997, 1897
-,-,-
143, -16, -476
1474, -71, -1432
1997, -816, -1997
1997, -1337, -1997
1997, -517, -1997
1997, 1762, -1936
720, 1997, -635
-1955, 1997, 1627
-,-,-
538, -415, -774
1851, -935, -1836
1997, -1692, -1997
1997, -1286, -1997
1997, 1351, -1997
1718, 1997, -1254
-1535, 1997, 1209
-1998, 1997, 1998
-1998, 1997, 1998
-,-,-
7, -29, -167
1073, 157, -621
1997, -475, -1720
1997, -1497, -1997
1997, -1120, -1997
1997, 1616, -1997
425, 1997, -1110
-1998, 1997, 1558
-1998, 1997, 1998
-,-,-
1702, -208, -1444
1997, -1021, -1997
1997, -1745, -1997
1997, 447, -1997
1973, 1997, -1732
-1176, 1997, 342
-1998, 1997, 1885
-1998, 1997, 1998
-,-,-
1029, -336, -951
1997, -663, -1823
1997, -1401, -1997
1997, -559, -1997
1997, 1660, -1997
1856, 1997, -1452
-1491, 1997, 560
-1998, 1997, 1986
-1998, 1997, 1998
-,-,-
1994, -313, -1898
1997, -1159, -1994
1997, -820, -1997
1997, 1574, -1996
539, 1997, -970
-1998, 1997, 1172
-1998, 1997, 1378
-1998, 1997, 1587
-1998, 1634, 1757
-,-,-
1856, -119, -1260
1997, -1025, -1946
1997, -1383, -1997
1997, 1289, -1997
1990, 1997, -1991
-1092, 1997, -1180
-1998, 1997, 686
-1998, 1997, 1925
-,-,-
1727, -353, -1354
1997, -635, -1908
1997, -863, -1997
1997, 71, -1997
1997, 1910, -1964
-95, 1997, -1183
-1998, 1997, -75
-1998, 1997, 622
-1998, 1997, 969
-,-,-
-382, -334, -273
768, 46, -1032
1992, 93, -1818
1997, -274, -1934
1997, 24, -1857
1997, 1681, -991
886, 1997, 63
886, 1997, 63
-1988, 1997, 622
-1998, 1997, 1348
-,-,-
1695, -100, -615
1997, -663, -1007
1997, -876, -1974
1997, 8, -1903
1791, 1969, -606
-1545, 1997, 827
-1998, 1997, 1793
-1998, 1997, 1681
-1998, 1842, 1571
-1998, 940, 1394
-,-,-
1899, 777, -439
1997, -176, -1519
1997, -869, -1997
1997, -70, -1982
1561, 1919, -1467
-1893, 1997, -247
-1998, 1997, 1277
-1998, 1997, 1763
-,-,-
469, 188, -722
1846, 692, -1351
1997, -121, -1911
1997, -814, -1997
1997, -405, -1971
1888, 1827, -1382
-1304, 1997, 378
-1998, 1997, 1882
-1998, 1997, 1771
-1998, 1914, 1363
-,-,-
840, 316, -444
1965, 276, -1038
1997, -600, -1872
1997, -1346, -1997
1997, 612, -1997
1409, 1997, -1226
-1924, 1997, 1503
-1998, 1997, 1998
-,-,-
359, 13, -651
1533, 283, -1434
1997, -82, -1941
1997, -1105, -1997
1997, 14, -1997
1983, 1965, -1872
-998, 1997, -1185
-1998, 1997, 744
-1998, 1997, 1818
-,-,-
1166, -179, -1108
1997, -524, -1943
1997, -970, -1997
1997, -444, -1997
1997, 1668, -1997
1139, 1997, -1797
-1960, 1997, -408
-1998, 1997, 1760
-1998, 1997, 1885
-,-,-
718, 266, -558
1839, 359, -1256
1997, -576, -1989
1997, -1373, -1997
1997, 756, -1997
1927, 1997, -1997
-1116, 1997, -1179
-1998, 1997, 769
-1998, 1997, 1615
-,-,-
1866, 11, -1449
1997, -473, -1993
1997, -574, -1997
1997, 1442, -1997
1997, 1997, -1967
-547, 1997, -248
-1998, 1997, 1830
-1998, 1997, 1998
-1998, 1997, 1998
-,-,-
1997, -25, -1391
1997, -1293, -1997
1997, -1220, -1997
1997, 1300, -1997
1909, 1997, -1823
-849, 1997, 146
-1998, 1997, 1867
-1998, 1997, 1965
-1998, 1997, 1925
-,-,-
1997, -1323, -1997
1997, 354, -1997
1997, 1990, -1997
1561, 1997, -1533
-1828, 1997, 1170
-1998, 1997, 1863
-1998, 1997, 1998
-1998, 1915, 1965
-1998, 767, 1822
-,-,-
1997, -294, -1865
1997, -897, -1997
1997, 19, -1997
1997, 1953, -1997
1602, 1997, -1501
-1701, 1997, 706
-1998, 1997, 1746
-1998, 1997, 1998
-1998, 1988, 1916
-1998, 1406, 1727
-1998, 705, 1637
-,-,-
1997, -371, -1993
1997, -719, -1997
1997, 240, -1997
1997, 1963, -1997
1817, 1997, -1471
-1140, 1997, 1368
-1998, 1997, 1998
-1998, 1997, 1998
-1998, 1997, 1998
-,-,-
1997, -997, -1997
1997, 328, -1997
1997, 1957, -1997
1965, 1997, -1960
-209, 1997, -575
-1998, 1997, 1634
-1998, 1997, 1998
-1998, 1997, 1998
-1998, 1905, 1998
-1998, 792, 1935
-,-,-
1997, -773, -1960
1997, -1286, -1997
1997, -165, -1997
1997, 1819, -1997
1698, 1997, -1571
-1119, 1997, 1122
-1998, 1997, 1998
-1998, 1997, 1998
-1998, 1994, 1998
-,-,-
1997, -1203, -1874
1997, -1072, -1997
1997, 455, -1997
1997, 1983, -1996
1992, 1997, -1593
75, 1997, -187
-1988, 1997, 1063
-1998, 1997, 1695
-1998, 1997, 1970
-1998, 1848, 1998
-1975, 995, 1998
-1869, 704, 1922
-1998, 669, 1392
-,-,-
1128, 205, -1103
1994, -373, -1959
1997, -1485, -1997
1997, 306, -1997
1997, 1991, -1997
1772, 1997, -1883
-1504, 1997, 270
-1998, 1997, 1931
-1998, 1997, 1998
-1998, 1984, 1998
-1998, 1211, 1998
-,-,-
1997, -468, -1931
1997, -885, -1997
1997, 238, -1997
1997, 1958, -1997
1992, 1997, -1801
-738, 1997, 349
-1998, 1997, 1986
-1998, 1997, 1998
-1998, 1997, 1998
-1998, 1446, 1998
-,-,-
1997, -172, -1565
1997, -659, -1995
1997, -197, -1997
1997, 1703, -1997
1983, 1997, -1696
-498, 1997, 428
-1998, 1997, 1976
-1998, 1997, 1998
-1998, 1997, 1998
-1998, 1470, 1891
-,-,-
1997, -164, -1565
1997, -665, -1960
1997, -721, -1997
1997, 1363, -1997
1986, 1997, -1977
-795, 1997, 129
-1998, 1997, 1927
-1998, 1997, 1998
-1998, 1997, 1998
-,-,-
1014, 149, -600
1957, -115, -1270
1997, -626, -1978
1997, -1364, -1997
1997, 1074, -1997
1997, 1997, -1997
622, 1997, -726
-1883, 1997, 1283
-1998, 1997, 461
-1998, 1997, 563
-1998, 1923, 1473
-1998, 1208, 1863
-1998, 954, 1587
-,-,-
1997, -178, -1240
1997, -1155, -1964
1997, -1005, -1997
1997, 1483, -1997
1823, 1997, -1433
-1371, 1997, 760
-1998, 1997, 1998
-1998, 1997, 1998
-1998, 1997, 1804
-1998, 1422, 1252
-1998, 611, 763
-,-,-
1997, -75, -1226
1997, -836, -1849
1997, -1160, -1997
1997, 669, -1997
1997, 1995, -1556
1339, 1997, -10
-1613, 1997, 1367
-1998, 1997, 1428
-1998, 1997, 1362
-1998, 1843, 1173
-,-,-
1675, 263, -971
1997, -209, -1359
1997, -1429, -1958
1997, -856, -1997
1997, 1681, -1910
1889, 1997, -1041
-1409, 1997, 39
-1998, 1997, 1544
-1998, 1997, 1658
-1998, 1994, 1491
-,-,-
1994, 1077, -547
1997, -143, -1017
1997, -1661, -1997
1997, -1085, -1997
1980, 1681, -1965
-1061, 1997, 117
-1998, 1997, 1998
-1998, 1997, 1998
-1998, 1997, 1998
-,-,-
1997, -675, -1969
1997, -1958, -1997
1997, -678, -1997
1997, 1813, -1997
1818, 1997, -1066
-1373, 1997, 1598
-1998, 1997, 1998
-1998, 1997, 1998
-,-,-
1820, 290, -1502
1997, -435, -1997
1997, -926, -1997
1997, 1310, -1997
1997, 1997, -1997
822, 1997, -784
-1953, 1997, 1615
-1998, 1997, 1998
-1998, 1997, 1998
-1998, 1946, 1998
-1998, 1223, 1998
-,-,-
1997, -858, -1959
1997, -858, -1959
1997, 455, -1997
1997, 455, -1997
1997, 1993, -1997
395, 1997, -595
-1998, 1997, 1918
-1998, 1997, 1998
-1998, 1997, 1998
-,-,-
1966, 409, -1383
1997, -217, -1902
1997, -1136, -1997
1997, 1124, -1997
1997, 1997, -1965
238, 1997, -601
-1998, 1997, 809
-1998, 1997, 1980
-1998, 1997, 1998
-1998, 1450, 1998
-,-,-
1997, -261, -1997
1997, -258, -1997
1997, 1580, -1997
1973, 1997, -1869
-894, 1997, 223
-1998, 1997, 1884
-1998, 1997, 1998
-1998, 1973, 1998
-1998, 1069, 1998
-1998, 499, 1732
-1998, 233, 1138
-1904, -51, 870
-,-,-
1997, -504, -1997
1997, -763, -1997
1997, 881, -1997
1997, 1997, -1997
1319, 1997, -1345
-1771, 1997, 1595
-1998, 1997, 1998
-1998, 1997, 1998
-1998, 1961, 1998
-1998, 1097, 1998
-1998, 587, 1781
-1998, 341, 1299
-,-,-
1976, 301, -1758
1997, -383, -1997
1997, -956, -1997
1997, 1025, -1997
1654, 1997, -1997
-1453, 1997, -598
-1998, 1997, 1708
-1998, 1997, 1998
-1998, 1997, 1998
-1998, 1568, 1998
-1998, 816, 1787
-,-,-
1997, -76, -1997
1997, -648, -1997
1997, 755, -1997
1997, 1997, -1997
-220, 1997, -1555
-1998, 1997, 1330
-1998, 1997, 1998
-1998, 1997, 1998
-1998, 1942, 1998
-,-,-
1997, -157, -1769
1997, -1416, -1997
1997, -352, -1997
1997, 1875, -1997
838, 1997, -1620
-1996, 1997, 1125
-1998, 1997, 1998
-1998, 1997, 1998
-1998, 1892, 1894
-,-,-
1065, 130, -497
1960, 428, -1451
1997, 108, -1997
1997, -111, -1997
1997, 1509, -1997
1997, 1997, -1759
-163, 1997, -276
-1998, 1997, 1321
-1998, 1997, 1723
-1998, 1997, 1941
-,-,-
1103, 319, -644
1988, -102, -1357
1997, -955, -1830
1997, -787, -1997
1997, 1608, -1997
1610, 1997, -1929
-1760, 1997, -32
-1998, 1997, 1682
-1998, 1997, 1998
-,-,-
1182, 297, -824
1997, 300, -1737
1997, -610, -1997
1997, -983, -1997
1997, 1271, -1997
1548, 1997, -1967
-1740, 1997, 221
-1998, 1997, 1942
-1998, 1997, 1998
-1998, 1997, 1998
-,-,-
1997, -204, -1525
1997, -903, -1997
1997, -711, -1997
1997, 1241, -1882
1997, 1997, -1710
1006, 1997, -579
-1875, 1997, 1009
-1998, 1997, 1906
-1998, 1997, 1962
-,-,-
570, 316, -735
1990, 1093, -892
1994, 440, -792
1997, 1294, -1395
1997, 1997, -1349
415, 1997, -687
-1998, 1997, 521
-1998, 1997, 750
-1998, 1997, 1406
-1998, 1927, 1998
-,-,-
1214, 555, -831
1997, 937, -1622
1997, 70, -1991
1997, 70, -1991
1997, 738, -1997
1997, 1954, -1713
-310, 1997, -110
-1998, 1997, 1785
-1998, 1997, 1995
-,-,-
1510, 188, -1260
1997, 424, -1983
1997, 41, -1997
1997, 910, -1978
1982, 1997, -1388
-766, 1997, 201
-1998, 1997, 1758
-1998, 1997, 1911
-1998, 1992, 1998
-,-,-
214, 89, -182
1669, 544, -921
1997, 416, -1330
1997, -199, -1953
1997, 717, -1980
1919, 1990, -1534
-912, 1997, -200
-1998, 1997, 1253
-1998, 1997, 1992
-1998, 1997, 1998
-,-,-
1890, 780, -1513
1997, -7, -1835
1997, -7, -1835
1997, 154, -1941
1997, 1660, -1997
875, 1997, -1969
-1984, 1997, -845
-1998, 1997, 1314
-,-,-
1467, 137, -842
1997, 334, -1661
1997, -269, -1992
1997, 679, -1997
1997, 1997, -1981
759, 1997, -1133
-1998, 1997, -36
-1998, 1997, 778
-,-,-
1997, 283, -1033
1997, 151, -1675
1997, 735, -1903
1997, 1902, -1493
1874, 1997, -766
-1239, 1997, -186
-1998, 1997, 512
-1998, 1997, 446
-1998, 1950, 987
-,-,-
1988, 444, -1015
1997, -208, -1652
1997, -1224, -1997
1997, -250, -1997
1997, 1955, -1765
705, 1997, -309
-1998, 1997, 1097
-1998, 1997, 1315
-1998, 1997, 1450
-,-,-
1304, 361, -840
1997, 139, -1687
1997, -743, -1997
1997, -344, -1997
1997, 1710, -1997
1870, 1997, -1130
-1310, 1997, 1038
-1998, 1997, 1645
-1998, 1997, 1263
-1998, 1909, 1378
-,-,-
1822, 199, -1026
1997, 566, -1363
1997, 322, -1939
1997, 1355, -1997
1997, 1997, -1792
782, 1997, -524
-1982, 1997, 869
-1998, 1997, 1856
-1998, 1997, 1998
-1998, 1917, 1998
-,-,-
1997, 24, -1550
1997, 24, -1550
1997, -398, -1936
1997, 199, -1997
1997, 1965, -1858
816, 1997, -904
-1998, 1997, 832
-1998, 1997, 1905
-1998, 1997, 1980
-,-,-
1981, 815, -417
1981, 815, -417
1997, -77, -1435
1997, 478, -1997
1997, 1824, -1637
998, 1997, -878
-1980, 1997, -193
-1998, 1997, 1190
-1998, 1997, 1328
-,-,-
1997, -366, -1943
1997, -638, -1965
1997, 387, -1994
1997, 1987, -1858
557, 1997, -440
-1956, 1997, 857
-1998, 1997, 1203
-1998, 1997, 1339
-1998, 1753, 1355
-,-,-
1997, 142, -1976
1997, 263, -1963
1997, 870, -1916
1997, 1931, -1709
1649, 1997, -495
-1327, 1997, 952
-1998, 1997, 1912
-1998, 1997, 1998
-1998, 1687, 1913
-1998, 577, 1738
-,-,-
1913, 207, -638
1997, -100, -1215
1997, -804, -1885
1997, -1032, -1997
1997, 1067, -1806
1656, 1997, -496
-1622, 1997, 1086
-1998, 1997, 1415
-1998, 1997, 904
-,-,-
1997, -359, -1484
1997, -519, -1981
1997, 1602, -1997
1552, 1997, -1332
-1841, 1997, 621
-1998, 1997, 1422
-1998, 1997, 864
-1998, 1326, 862
-1998, 605, 1097
-1998, 555, 801
-,-,-
1830, 898, -624
1997, 798, -750
1997, 7, -1055
1997, -339, -1899
1997, 507, -1859
792, 1904, -1023
-1925, 1997, 358
-1925, 1997, 358
-1998, 1997, 1505
-,-,-
255, 372, -25
693, 379, -343
1620, 426, -1018
1997, 443, -1798
1997, -647, -1997
1997, -842, -1997
1997, 1554, -1997
1697, 1997, -1463
-1676, 1997, 1075
-1998, 1997, 1998
-1998, 1997, 1777
-1998, 1743, 961
-1998, 772, 725
-,-,-
1894, 393, -1406
1997, -422, -1997
1997, -1256, -1997
1997, 1000, -1997
1676, 1997, -1924
-1714, 1997, -228
-1998, 1997, 1977
-1998, 1997, 1998
-,-,-
1815, -71, -941
1997, -158, -1046
1997, -216, -1342
1997, 1088, -1777
1997, 1997, -1751
-738, 1997, -1227
-1998, 1997, -142
-1998, 1997, 169
-1998, 1997, 202
-,-,-
1856, -128, -1304
1997, -607, -1950
1997, -1768, -1997
1997, -49, -1997
1997, 1997, -1951
508, 1997, -157
-1988, 1997, 1906
-1998, 1997, 1998
-1998, 1997, 1944
-,-,-
1894, 558, -947
1894, 558, -947
1997, 65, -1021
1997, -894, -1478
1997, -770, -1997
1997, 1514, -1858
850, 1997, -951
-1940, 1997, 946
-1998, 1997, 1867
-1998, 1997, 1404
-,-,-
1253, 116, -496
1996, -224, -1129
1997, -956, -1916
1997, -1546, -1997
1997, 458, -1997
1997, 1997, -1676
120, 1997, 127
-1998, 1997, 1541
-1998, 1997, 1939
-1998, 1997, 1457
-,-,-
803, -173, -339
1798, -303, -850
1997, -626, -1776
1997, -938, -1997
1997, 312, -1997
1997, 1988, -1578
406, 1997, 69
-1998, 1997, 1565
-1998, 1997, 1849
-1998, 1997, 1502
-,-,-
1706, 51, -1200
1706, 51, -1200
1997, -773, -1945
1997, -1699, -1997
1997, -824, -1997
1997, 1647, -255
1760, 1997, -255
-1183, 1997, 1848
-1998, 1997, 1998
-,-,-
344, 195, -152
745, 97, -477
1490, -87, -1111
1997, -660, -1866
1997, -1503, -1997
1997, -1550, -1997
1997, 581, -1997
1997, 1997, -1576
1755, 1997, 425
-1300, 1997, 1814
-1998, 1997, 1945
-1998, 1997, 1749
-,-,-
1997, -844, -1936
1997, -1702, -1997
1997, -1024, -1997
1997, 1638, -1997
1916, 1997, -874
-1284, 1997, 1433
-1998, 1997, 1998
-1998, 1997, 1905
-,-,-
1997, -992, -1390
1997, -1431, -1938
1997, -602, -1997
1997, 1658, -1822
1909, 1997, -703
-868, 1997, 736
-1998, 1997, 1298
-1998, 1997, 1218
-1998, 1982, 944
-,-,-
1600, -433, -1676
1997, -1535, -1975
1997, -1973, -1997
1997, -218, -1997
1997, 1967, -1892
1802, 1997, 243
-1031, 1997, 1517
-1998, 1997, 1998
-1998, 1997, 1628
-1998, 1768, 940
-,-,-
847, -209, -987
1890, -812, -1883
1997, -1617, -1997
1997, -1730, -1997
1997, 323, -1997
1997, 1983, -1407
1553, 1997, 660
-1414, 1997, 1820
-1998, 1997, 1998
-1998, 1997, 1663
-,-,-
1997, -1239, -1977
1997, -1920, -1997
1997, -829, -1997
1997, 1698, -1993
1997, 1997, -1123
762, 1997, 919
-1971, 1997, 1360
-1998, 1997, 1099
-1998, 1997, 925
-1952, 1627, 800
-,-,-
734, -142, -1001
1671, -644, -1814
1997, -1527, -1997
1997, -1976, -1997
1997, -787, -1997
1997, 1549, -1997
1997, 1997, -1064
1069, 1997, 827
-1910, 1997, 1911
-1998, 1997, 1995
-1998, 1997, 1529
-1998, 1433, 1094
-1998, 990, 886
-1998, 978, 615
-,-,-
1454, -200, -1235
1997, -1324, -1957
1997, -1995, -1997
1997, -988, -1997
1997, 1710, -1997
562, 1997, -737
-1950, 1997, 1735
-1998, 1997, 1998
-1998, 1997, 1998
-1998, 1450, 1835
-,-,-
1551, -289, -1084
1997, -805, -1657
1997, -1506, -1976
1997, -1022, -1997
1997, 1266, -1867
1987, 1997, -1127
141, 1997, 54
-1910, 1997, 563
-1998, 1997, 1088
-1998, 1997, 1020
-,-,-
-36, -217, -1
-36, -217, -1
32, -333, -363
1265, -515, -1031
1997, -1079, -1910
1997, -1665, -1997
1997, -344, -1997
1997, 1949, -1902
1794, 1997, -789
-1119, 1997, -186
-1998, 1997, 239
-,-,-
112, 142, -562
1627, 547, -896
1997, 516, -1011
1997, 349, -1270
1997, 846, -770
1847, 1966, -592
-1582, 1997, -821
-1998, 1997, 375
-1998, 1997, 520
-1998, 1142, 647
-,-,-
1997, 233, -1558
1997, -308, -1997
1997, 261, -1997
1997, 1970, -1774
665, 1997, -1514
-1998, 1997, 409
-1998, 1997, 689
-1998, 1865, 713
-1998, 549, 1061
-,-,-
1988, -266, -1438
1997, -887, -1926
1997, 1265, -1997
1997, 1997, -1903
-752, 1997, -23
-752, 1997, -23
-1998, 1997, 1643
-1998, 1997, 1802
-1998, 1497, 1079
-1998, 261, 892
-,-,-
1997, -654, -1978
1997, -1700, -1997
1997, 1867, -1997
1583, 1997, -1431
-1717, 1997, 744
-1998, 1997, 1796
-1998, 1997, 1370
-1998, 1880, 808
-1998, 991, 720
-1998, 991, 720
-,-,-
1997, -1254, -1988
1997, -1669, -1997
1997, 942, -1997
1986, 1997, -1970
-1067, 1997, 375
-1998, 1997, 1998
-1998, 1997, 1985
-1998, 1954, 1374
-1998, 1098, 935
-,-,-
870, 401, -240
1663, 440, -500
1997, -261, -1263
1997, -1518, -1995
1997, -1881, -1997
1997, 274, -1997
1927, 1997, -1505
-942, 1997, 490
-1998, 1997, 1997
-1998, 1997, 1998
-,-,-
-407, 788, 20
-188, 1481, -175
1635, 1321, -872
1997, -132, -1882
1997, -1989, -1997
1997, -1151, -1997
1997, 1736, -1997
-268, 1997, -1339
-1998, 1997, 1438
-1998, 1997, 1998
-,-,-
263, 1677, -218
1931, 1697, -828
1997, 38, -1922
1997, -1980, -1997
1997, 360, -1997
1915, 1997, -1997
-1463, 1997, -209
-1998, 1997, 1990
-1998, 1997, 1998
-1998, 1997, 1318
-,-,-
1297, 884, -312
1997, 480, -782
1997, -1231, -1823
1997, -1998, -1997
1997, -895, -1997
1978, 1857, -1989
-895, 1997, 16
-1998, 1997, 1998
-1998, 1997, 1998
-,-,-
1997, 228, -953
1997, -1144, -1698
1997, -1359, -1856
1997, 1157, -1997
1827, 1997, -1806
-1345, 1997, -9
-1998, 1997, 1587
-1998, 1997, 1267
-1998, 1995, 770
-1998, 1367, 829
-,-,-
1997, -1597, -1995
1997, -1359, -1628
1997, 1509, -1782
1880, 1997, -1153
-1469, 1997, -344
-1998, 1997, 1190
-1998, 1997, 1599
-,-,-
93, 175, -715
1572, 513, -1785
1997, -361, -1996
1997, -1056, -1997
1997, 1271, -1971
1657, 1997, -1765
-1577, 1997, -125
-1998, 1997, 1349
-,-,-
1697, 9, -1669
1997, -475, -1982
1997, -1087, -1987
1997, 876, -1997
1997, 1997, -1931
496, 1997, -76
-1998, 1997, 1545
-1998, 1997, 1998
-1998, 1997, 1998
-1998, 1833, 1704
-,-,-
1609, 0, -1473
1997, -686, -1964
1997, -1573, -1997
1997, 200, -1997
1997, 1997, -1997
303, 1997, -726
-1998, 1997, 1185
-1998, 1997, 1998
-1998, 1997, 1998
-,-,-
1549, 39, -1128
1997, -254, -1868
1997, -691, -1996
1997, 209, -1997
1997, 1953, -1996
1342, 1997, -1185
-1873, 1997, 45
-1998, 1997, 1485
-1998, 1997, 1995
-,-,-
1834, 84, -894
1997, -491, -1551
1997, -1065, -1903
1997, -933, -1997
1997, 1358, -1928
1333, 1997, -642
-1668, 1997, 1183
-1998, 1997, 1998
-1998, 1997, 1998
-,-,-
1591, 126, -805
1997, -349, -1122
1997, -990, -1540
1997, -666, -1993
1997, 1748, -1987
1737, 1997, -1272
-1566, 1997, 104
-1998, 1997, 1707
-1998, 1997, 1883
-,-,-
960, 544, -432
1929, 186, -1262
1997, -719, -1966
1997, -1952, -1997
1997, -422, -1997
1997, 1966, -1997
1629, 1997, -1634
-1656, 1997, -8
-1998, 1997, 1339
-1998, 1997, 1975
-,-,-
1038, 144, -949
1038, 144, -949
1997, -329, -1945
1997, -1789, -1997
1997, -1537, -1997
1957, 1997, -1325
-1100, 1997, 647
-1998, 1997, 1561
-1998, 1997, 1596
-1998, 1996, 1427
-,-,-
1972, -168, -1718
1997, -945, -1997
1997, -1163, -1997
1997, 1061, -1997
1997, 1997, -1313
-194, 1997, 225
-1998, 1997, 1161
-1998, 1997, 1178
-1998, 1997, 1761
-,-,-
1872, 570, -1337
1997, -965, -1997
1997, -1926, -1997
1997, 203, -1997
1997, 1997, -1783
591, 1997, -120
-1998, 1997, 1917
-1998, 1997, 1998
-1998, 1997, 1998
-,-,-
1648, 339, -1453
1997, 166, -1994
1997, -111, -1984
1997, 1234, -1510
1928, 1997, -125
-1258, 1997, 1362
-1998, 1997, 1895
-1998, 1997, 1998
-1998, 1918, 1998
-,-,-
350, 232, -905
1944, 550, -1802
1997, -13, -1997
1997, -140, -1997
1997, 1028, -1422
1830, 1997, -232
-1483, 1997, 729
-1998, 1997, 1998
-1998, 1997, 1998
-,-,-
1595, 408, -1415
1997, -356, -1968
1997, -1056, -1997
1997, -587, -1997
1997, 1823, -1997
44, 1997, -864
-1998, 1997, 1941
-1998, 1997, 1998
-1998, 1997, 1998
-,-,-
1754, 262, -1146
1997, -994, -1997
1997, -1696, -1997
1997, 614, -1997
1960, 1997, -1714
-1386, 1997, 1521
-1998, 1997, 1998
-1998, 1997, 1998
-1998, 1917, 1687
-,-,-
405, -35, -264
1243, 110, -674
1997, -21, -1501
1997, -660, -1958
1997, -753, -1997
1997, 1634, -1997
1340, 1997, -1545
-1984, 1997, 1183
-1998, 1997, 1998
-1998, 1997, 1998
-,-,-
1997, -413, -1361
1997, -1356, -1991
1997, -1329, -1997
1997, 1198, -1965
1868, 1997, -1023
-1419, 1997, 455
-1998, 1997, 1656
-1998, 1997, 1496
-1998, 1997, 695
-1998, 1135, 177
-,-,-
1997, -72, -1727
1997, -1349, -1997
1997, -1574, -1997
1997, 1248, -1997
1992, 1997, -1834
-906, 1997, 708
-1998, 1997, 1998
-1998, 1997, 1998
-1998, 1975, 1959
-,-,-
1997, -1361, -1970
1997, -1657, -1997
1997, 967, -1994
1994, 1997, -1005
-862, 1997, 1232
-1998, 1997, 1998
-1998, 1997, 1998
-1998, 1995, 1748
-1998, 1214, 986
-,-,-
1997, -201, -1989
1997, -883, -1997
1997, 587, -1997
1997, 1997, -1853
290, 1997, 57
-1998, 1997, 1988
-1998, 1997, 1998
-1998, 1997, 1998
-1998, 1457, 1998
-,-,-
1997, -1274, -1997
1997, -1677, -1997
1997, 1068, -1997
1997, 1997, -1713
99, 1997, 866
-1998, 1997, 1902
-1998, 1997, 1998
-1998, 1997, 1941
-1998, 1312, 1475
-1998, 487, 1223
-,-,-
1988, 214, -1176
1988, 214, -1176
1997, -1043, -1979
1997, -303, -1997
1997, 1946, -1881
1588, 1997, 219
1588, 1997, 219
-1823, 1997, 1825
-1998, 1997, 1998
-1998, 1997, 1974
-,-,-
1997, -695, -1997
1997, 1736, -1997
1997, 1997, -1156
-30, 1997, 1266
-1998, 1997, 1885
-1998, 1997, 1998
-1998, 1997, 1666
-1998, 1414, 921
-1998, 723, 753
-,-,-
1997, -1852, -1997
1997, -569, -1997
1997, 1928, -1997
1924, 1997, -1837
-1077, 1997, 18
-1998, 1997, 1711
-1998, 1997, 1818
-1998, 1997, 1870
-1998, 1237, 1667
-1998, 707, 1285
-,-,-
1997, -1484, -1997
1997, 1382, -1997
1997, 1997, -1975
-389, 1997, -85
-1998, 1997, 1974
-1998, 1997, 1998
-1998, 1997, 1981
-1998, 1223, 1488
-1998, 651, 911
-1998, 357, 247
-1998, 166, 5
-,-,-
1997, -1698, -1997
1997, -1202, -1997
1997, 1639, -1997
1883, 1997, -1997
-1030, 1997, -330
-1998, 1997, 1950
-1998, 1997, 1998
-1998, 1997, 1998
-1998, 1530, 1854
-1998, 844, 1323
-,-,-
1987, -681, -1858
1997, -1681, -1992
1997, -953, -1997
1997, 1251, -1997
1997, 1997, -1988
1576, 1997, -1460
-1376, 1997, 372
-1998, 1997, 1747
-1998, 1997, 1998
-1998, 1997, 1872
-,-,-
1997, -1507, -1997
1997, -802, -1997
1997, 1470, -1997
1854, 1997, -1523
-959, 1997, 531
-1998, 1997, 1982
-1998, 1997, 1998
-1998, 1997, 1998
-1998, 1294, 1974
-,-,-
1997, -265, -1406
1997, -1333, -1990
1997, -1507, -1997
1750, 1997, -1356
-1533, 1997, 1033
-1998, 1997, 1998
-1998, 1997, 1998
-1998, 1947, 1998
-,-,-
1997, 27, -1369
1997, -405, -1982
1997, -1007, -1997
1997, 326, -1997
1978, 1959, -1831
-426, 1997, 535
-1998, 1997, 1998
-1998, 1997, 1998
-1998, 1997, 1998
-1998, 1669, 1982
-,-,-
1997, -1352, -1997
1997, -1833, -1997
1997, 1997, -1837
759, 1997, 100
759, 1997, 100
-1831, 1997, 1546
-1998, 1997, 1554
-1998, 1997, 1989
-1998, 1889, 1877
-,-,-
1997, -774, -1964
1997, -953, -1997
1997, -822, -1997
1997, 1256, -1997
1997, 1997, -1707
123, 1997, 529
-1997, 1997, 1936
-1998, 1997, 1998
-1998, 1997, 1998
-1998, 1726, 1973
-1998, 948, 1473
-,-,-
1832, 305, -1157
1997, -866, -1881
1997, -1980, -1997
1997, -861, -1997
1997, 1707, -1991
1246, 1997, -742
-1884, 1997, 1812
-1998, 1997, 1998
-1998, 1997, 1998
-1998, 1880, 1942
-,-,-
1997, -819, -1759
1997, -1946, -1997
1997, -405, -1997
1997, 1780, -1971
1448, 1997, -1016
-1632, 1997, 1107
-1998, 1997, 1998
-1998, 1997, 1998
-1998, 1995, 1998
-1998, 1157, 1940
-,-,-
1997, -1016, -1943
1997, -1959, -1997
1997, -116, -1997
1997, 1967, -1997
1959, 1997, -1817
-1211, 1997, 1036
-1998, 1997, 1994
-1998, 1997, 1998
-1998, 1997, 1998
-,-,-
1997, -436, -1677
1997, -1542, -1997
1997, -831, -1997
1997, 1618, -1997
1997, 1997, -1985
158, 1997, -683
-1998, 1997, 1340
-1998, 1997, 1998
-1998, 1997, 1998
-1998, 1839, 1905
-,-,-
1867, -374, -1506
1997, -1774, -1997
1997, -1737, -1997
1997, 1997, -1997
1722, 1997, -1140
-1333, 1997, 1461
-1998, 1997, 1998
-1998, 1997, 1998
-1998, 1997, 1998
-1998, 1430, 1807
-,-,-
1741, 177, -1179
1997, -801, -1973
1997, -1936, -1997
1997, -1144, -1997
1997, 1391, -1997
1997, 1997, -1792
96, 1997, 552
-1951, 1997, 1989
-1998, 1997, 1998
-1998, 1997, 1998
-1998, 1522, 1864
-,-,-
1997, -1303, -1985
1997, -1946, -1997
1997, 102, -1997
1997, 1976, -1997
1264, 1997, -1280
-1639, 1997, 985
-1998, 1997, 1998
-1998, 1997, 1998
-1998, 1997, 1998
-1998, 1674, 1933
-1998, 917, 1422
-,-,-
1997, -1501, -1997
1997, 560, -1997
1997, 1993, -1997
1929, 1997, -1401
-99, 1997, 719
-1986, 1997, 1998
-1998, 1997, 1998
-1998, 1997, 1998
-1998, 1676, 1998
-1998, 923, 1806
-1998, 792, 1307
-1998, 684, 660
-1998, 588, 221
-,-,-
1997, -1654, -1997
1997, -1925, -1997
1997, -70, -1997
1997, 1913, -1997
1729, 1997, -1256
-1069, 1997, 1463
-1998, 1997, 1998
-1998, 1997, 1998
-1998, 1997, 1996
-1998, 1209, 1529
-1957, 666, 997
-1775, 619, 669
-1744, 662, 419
-1844, 720, 241
-1880, 842, 282
-,-,-
1997, -1189, -1730
1997, -1994, -1993
1997, -614, -1997
1997, 1759, -1997
1846, 1997, -1688
-1266, 1997, 972
-1998, 1997, 1998
-1998, 1997, 1998
-1998, 1997, 1997
-,-,-
1997, -694, -1660
1997, -1771, -1997
1997, -1378, -1997
1997, 1052, -1997
1997, 1997, -1716
463, 1997, 318
-1931, 1997, 1820
-1998, 1997, 1998
-1998, 1997, 1998
-1998, 1925, 1998
-,-,-
1609, -82, -1013
1997, -1263, -1872
1997, -1985, -1997
1997, 236, -1997
1997, 1990, -1948
851, 1997, -997
-1996, 1997, 1551
-1998, 1997, 1998
-1998, 1997, 1998
-1998, 1933, 1731
-,-,-
1997, -731, -1884
1997, -693, -1997
1997, 436, -1997
1997, 1916, -1804
1823, 1997, -504
-1081, 1997, 1321
-1998, 1997, 1998
-1998, 1997, 1998
-1998, 1997, 1998
-,-,-
1997, 187, -781
1997, -835, -1722
1997, -1840, -1997
1997, -151, -1997
1985, 1965, -1750
-739, 1997, 588
-1998, 1997, 1998
-1998, 1997, 1998
-1998, 1997, 1973
-1998, 1216, 991
-1998, 522, 479
-1998, 312, 256
-,-,-
1997, -549, -1612
1997, -1543, -1997
1997, -657, -1997
1997, 1786, -1997
1858, 1997, -1239
-1256, 1997, 1424
-1998, 1997, 1998
-1998, 1997, 1998
-1998, 1977, 1998
-1998, 1239, 1500
-1998, 610, 696
-,-,-
1997, -765, -1924
1997, -1903, -1997
1997, -733, -1997
1997, 1666, -1997
1893, 1997, -1694
-982, 1997, 730
-1998, 1997, 1998
-1998, 1997, 1998
-1998, 1997, 1985
-1998, 1203, 1507
-,-,-
1997, -110, -1082
1997, -1372, -1819
1997, -1731, -1997
1997, 646, -1997
1889, 1997, -1668
-653, 1997, 384
-1998, 1997, 1983
-1998, 1997, 1998
-1998, 1997, 1998
-,-,-
1997, -1277, -1931
1997, -1612, -1997
1997, -23, -1997
1997, 1887, -1996
1606, 1997, -1239
-939, 1997, 567
-1998, 1997, 1708
-1998, 1997, 1998
-,-,-
1997, -965, -1762
1997, -1934, -1992
1997, -1578, -1997
1997, 881, -1997
1997, 1997, -1669
1387, 1997, -735
-1137, 1997, 770
-1998, 1997, 1409
-1998, 1997, 1998
-,-,-
1997, -805, -1520
1997, -1083, -1997
1997, -731, -1997
1997, 1396, -1997
1997, 1997, -1610
807, 1997, -259
-1748, 1997, 1643
-1998, 1997, 1998
-,-,-
1997, -976, -1687
1997, -1917, -1997
1997, -1909, -1997
1997, -161, -1997
1997, 1867, -1477
1339, 1997, -34
-1125, 1997, 1264
-1998, 1997, 1934
-1998, 1997, 1998
-,-,-
1997, -1362, -1954
1997, 238, -1893
1997, 1919, -1493
1986, 1997, -952
677, 1997, -125
-1541, 1997, 593
-1998, 1997, 1602
-1998, 1997, 1998
-1998, 1990, 1983
-,-,-
1146, 345, -841
1995, -826, -1827
1997, -1983, -1997
1997, -1577, -1989
1997, 1239, -1936
1818, 1997, -1614
-1031, 1997, 1733
-1998, 1997, 1998
-1998, 1997, 1998
-1998, 1625, 1508
-,-,-
1996, 403, -861
1997, -87, -1572
1997, -1344, -1997
1997, -755, -1990
1997, 1675, -1720
558, 1997, -1901
-1998, 1997, -768
-1998, 1997, 876
-1998, 1997, 1925
-,-,-
1382, 50, -641
1987, -271, -1042
1997, -995, -1840
1997, -1485, -1997
1997, -22, -1996
1997, 1896, -1996
1316, 1997, -1242
-1651, 1997, 333
-1998, 1997, 1374
-,-,-
1737, 72, -806
1997, -214, -1101
1997, -1042, -1890
1997, -1276, -1997
1997, 888, -1997
1904, 1997, -1573
-884, 1997, 207
-1998, 1997, 1830
-1998, 1997, 1998
-1998, 1997, 1998
-,-,-
1997, -1126, -1776
1997, -1991, -1997
1997, -1261, -1997
1997, 1349, -1953
1519, 1997, -1128
-1383, 1997, 1214
-1998, 1997, 1998
-1998, 1997, 1998
-1998, 1994, 1839
-1998, 1288, 1067
-,-,-
1991, -585, -1132
1997, -1201, -1777
1997, -1394, -1997
1997, -361, -1990
1997, 1676, -1497
1836, 1997, -776
-930, 1997, 431
-1998, 1997, 1374
-1998, 1997, 1907
-1998, 1997, 1985
-,-,-
1997, 89, -759
1997, -1105, -1504
1997, -1623, -1997
1997, -320, -1997
1997, 1669, -1798
1464, 1997, -663
-1447, 1997, 340
-1998, 1997, 1007
-1998, 1997, 1848
-1998, 1997, 1998
-,-,-
1971, -123, -1012
1997, -1142, -1674
1997, -952, -1997
1997, 1453, -1997
1790, 1997, -1289
-734, 1997, 967
-734, 1997, 967
-1998, 1997, 1995
-1998, 1997, 1998
-1998, 1997, 1998
-1998, 1615, 1916
-,-,-
1997, -515, -1356
1997, -1136, -1997
1997, -737, -1997
1997, 676, -1865
1997, 1952, -976
635, 1997, 201
-1755, 1997, 1164
-1998, 1997, 1647
-1998, 1997, 1998
-1998, 1997, 1962
-1998, 1588, 1438
-,-,-
1997, -577, -1310
1997, -1427, -1870
1997, -1812, -1997
1997, 327, -1997
1997, 1987, -1316
47, 1997, 108
-1974, 1997, 1575
-1998, 1997, 1998
-1998, 1997, 1998
-1998, 1933, 1998
-1998, 1348, 1817
-,-,-
1973, -106, -858
1997, -686, -1546
1997, -991, -1979
1997, -645, -1997
1997, 887, -1933
1692, 1993, -818
1692, 1993, -818
-1213, 1997, 739
-1998, 1997, 1671
-1998, 1997, 1997
-,-,-
1997, -1168, -1218
1997, -1998, -1997
1997, -1707, -1997
1997, 523, -1964
1920, 1997, -853
-660, 1997, 997
-1998, 1997, 1969
-1998, 1997, 1998
-1998, 1997, 1975
-1998, 1611, 1517
-,-,-
1956, 172, -571
1997, -497, -1291
1997, -949, -1801
1997, -1048, -1997
1997, 786, -1987
1684, 1997, -1368
-1056, 1997, 386
-1998, 1997, 1500
-1998, 1997, 1988
-,-,-
1997, -1935, -1756
1997, -1584, -1997
1997, 871, -1996
1997, 1997, -1388
1423, 1997, -121
-1032, 1997, 1445
-1998, 1997, 1761
-1998, 1997, 1720
-1998, 1997, 1019
-1998, 1481, 902
-,-,-
1987, -501, -1118
1997, -1501, -1765
1997, -1998, -1997
1997, -1289, -1997
1997, 950, -1937
1935, 1997, -975
21, 1997, 592
-1843, 1997, 1851
-1998, 1997, 1998
-1998, 1997, 1970
-1998, 1812, 1178
-1998, 1092, 766
-,-,-
1997, -497, -744
1997, -497, -744
1997, -1685, -1705
1997, -25, -1997
1997, -25, -1997
1997, 1956, -1759
1094, 1997, -405
-1710, 1997, 1356
-1998, 1997, 1971
-1998, 1997, 1998
-,-,-
1997, -206, -1351
1997, -781, -1351
1997, -1529, -1997
1997, 186, -1997
1997, 1879, -1476
1408, 1997, -219
-977, 1997, 1024
-977, 1997, 1024
-1998, 1997, 1465
-1998, 1997, 1970
-1998, 1997, 1986
-,-,-
1997, -1998, -1997
1997, -996, -1997
1997, 1469, -1871
1911, 1997, -813
-69, 1997, 594
-1796, 1997, 1298
-1998, 1997, 1784
-1998, 1997, 1990
-1998, 1871, 1515
-1947, 997, 1076
-1939, 772, 557
-1998, 824, 233
-1998, 980, 158
-,-,-
1997, -1345, -1711
1997, -1998, -1997
1997, -1014, -1997
1997, 1251, -1963
1940, 1997, -846
347, 1997, 1241
-1693, 1997, 1998
-1998, 1997, 1998
-1998, 1997, 1772
-1998, 1811, 1044
-1998, 1059, 818
-1998, 760, 510
-1998, 801, 259
-,-,-
1997, -1457, -1694
1997, -1998, -1997
1997, -1669, -1997
1997, 90, -1967
1997, 1844, -1166
913, 1997, 363
-1286, 1997, 1621
-1998, 1997, 1998
-1998, 1997, 1998
-1998, 1972, 1644
-1998, 1238, 1126
-1998, 714, 777
-1998, 683, 438
-,-,-
1997, -1539, -1990
1997, -1998, -1997
1997, -1455, -1956
1997, 1533, -1994
808, 1997, -1263
-1876, 1997, 1282
-1998, 1997, 1910
-1998, 1997, 1998
-1998, 1888, 1287
-1998, 876, 484
-1874, 435, 407
-1486, 199, 222
-1738, 348, -99
-1998, 712, -176
-1998, 1203, 295
-1998, 1203, 295
-1998, 1712, 959
-,-,-
1997, -1998, -1997
1997, -917, -1997
1997, 1579, -1992
1785, 1997, -1074
-638, 1997, 1177
-1998, 1997, 1996
-1998, 1997, 1998
-1998, 1997, 1956
-1998, 1499, 1452
-1998, 806, 917
-,-,-
1997, -1431, -1561
1997, -1998, -1997
1997, -1603, -1997
1997, 949, -1997
1993, 1997, -1674
-143, 1997, 614
-1914, 1997, 1823
-1998, 1997, 1998
-1998, 1997, 1998
-1998, 1895, 1873
-1998, 1546, 1135
-,-,-
1607, -476, -878
1997, -1656, -1858
1997, -1998, -1997
1997, -1274, -1997
1997, 917, -1965
1992, 1997, -953
-349, 1997, 1069
-1998, 1997, 1998
-1998, 1997, 1998
-1998, 1997, 1998
-1998, 1640, 1599
-,-,-
1783, -692, -1261
1997, -1791, -1946
1997, -1998, -1997
1997, -866, -1997
1997, 1651, -1970
1916, 1997, -671
-405, 1997, 1590
-1998, 1997, 1998
-1998, 1997, 1998
-1998, 1997, 1823
-1998, 1590, 1121
-1998, 1069, 581
-,-,-
1997, -1257, -1623
1997, -1986, -1997
1997, -1705, -1997
1997, 279, -1997
1997, 1917, -1864
317, 1997, 207
-1990, 1997, 1967
-1998, 1997, 1998
-1998, 1997, 1839
-1998, 1726, 1163
-1998, 971, 893
-1998, 932, 964
-,-,-
1979, -168, -429
1997, -1134, -1696
1997, -1916, -1997
1997, -447, -1997
1997, 1720, -1997
-1769, 1997, 1109
-1998, 1997, 1981
-1998, 1997, 1998
-1998, 1989, 1945
-1998, 1161, 1324
-1998, 613, 703
-,-,-
1511, -313, -1199
1997, -1703, -1985
1997, -1976, -1997
1997, -448, -1997
1997, 1881, -1997
908, 1997, -1831
-1914, 1997, 588
-1998, 1997, 1998
-1998, 1997, 1998
-1998, 1997, 1998
-1998, 1585, 1903
-,-,-
1648, 84, -1000
1997, -1275, -1867
1997, -1998, -1997
1997, -949, -1997
1997, 1678, -1997
1004, 1997, -1995
-1886, 1997, 582
-1998, 1997, 1998
-1998, 1997, 1998
-1998, 1836, 1955
-1998, 1010, 1515
-1921, 494, 1006
-,-,-
1439, 32, -603
1995, -787, -1557
1997, -1610, -1987
1997, -1000, -1997
1997, 1347, -1965
1993, 1997, -1538
-525, 1997, -178
-1998, 1997, 1790
-1998, 1997, 1998
-1998, 1994, 1998
-1998, 881, 1661
-1998, 72, 789
-,-,-
1997, -498, -1326
1997, -1858, -1993
1997, -793, -1997
1997, 1629, -1997
1911, 1997, -1800
-425, 1997, 260
-1984, 1997, 1963
-1998, 1997, 1998
-1998, 1997, 1998
-1998, 1608, 1866
-1998, 639, 1101
-,-,-
1997, -639, -1277
1997, -1385, -1905
1997, 799, -1994
1997, 799, -1994
1997, 1997, -1871
1543, 1997, -442
-1691, 1997, 1273
-1998, 1997, 1818
-1998, 1997, 1998
-1998, 1969, 1852
-,-,-
802, -2, -480
1835, -427, -1360
1997, -1081, -1981
1997, -1549, -1997
1997, 157, -1997
1997, 1898, -1875
1954, 1997, -418
-624, 1997, 1678
-1998, 1997, 1998
-1998, 1997, 1998
-1998, 1997, 1998
-,-,-
1994, -815, -1672
1997, -1727, -1997
1997, -1290, -1997
1997, 598, -1997
1997, 1996, -1768
325, 1997, -188
-1998, 1997, 1822
-1998, 1997, 1998
-1998, 1997, 1998
-1998, 1967, 1960
-1998, 1039, 1499
-1998, 685, 1057
-,-,-
1997, -68, -1997
1997, 1930, -1397
961, 1997, -20
-1660, 1997, 1930
-1998, 1997, 1998
-1998, 1997, 1998
-1998, 1994, 1998
-1998, 1336, 1780
-1998, 874, 1084
-1998, 657, 444
-1998, 616, 202
-,-,-
169, -177, -663
1453, -234, -1406
1997, -654, -1983
1997, -966, -1997
1997, -476, -1832
1997, 1450, -1122
1504, 1997, -431
-1671, 1997, 823
-1998, 1997, 1998
-1998, 1997, 1998
-,-,-
1562, -13, -785
1997, -832, -1537
1997, -1931, -1997
1997, -1324, -1997
1997, 911, -1959
1371, 1997, -749
-1597, 1997, 1334
-1998, 1997, 1998
-1998, 1997, 1998
-,-,-
554, -94, -310
1774, -467, -962
1997, -1142, -1790
1997, -1635, -1997
1997, -6, -1983
1997, 1871, -1382
1145, 1997, -255
-1935, 1997, 1637
-1998, 1997, 1998
-,-,-
1997, -1115, -1919
1997, -1983, -1997
1997, -570, -1997
1997, 1805, -1997
1180, 1997, -1198
-1791, 1997, 1526
-1998, 1997, 1998
-1998, 1997, 1998
-,-,-
1997, -1301, -1970
1997, -1778, -1997
1997, -188, -1997
1997, 1842, -1890
1238, 1997, -525
-1689, 1997, 1803
-1998, 1997, 1998
-1998, 1997, 1998
-1998, 1946, 1929
-,-,-
1997, -595, -1885
1997, -1528, -1997
1997, -1140, -1997
1997, 1382, -1964
1898, 1997, -934
-709, 1997, 1037
-1998, 1997, 1998
-1998, 1997, 1998
-,-,-
1151, -165, -562
1995, -528, -973
1997, -1080, -1044
1997, -1152, -1745
1997, 326, -1799
1814, 1936, -1052
-1035, 1997, 800
-1998, 1997, 1873
-1998, 1997, 1998
-,-,-
1997, -1033, -1711
1997, -1580, -1988
1997, -410, -1997
1997, 1636, -1909
1681, 1997, -567
-1046, 1997, 1706
-1998, 1997, 1998
-1998, 1997, 1998
-1998, 1997, 1998
-,-,-
1997, -916, -1619
1997, -1816, -1995
1997, -470, -1997
1997, 1710, -1939
1733, 1997, -1366
-1503, 1997, 924
-1998, 1997, 1998
-1998, 1997, 1998
-1998, 1997, 1998
-,-,-
923, 408, -249
1959, -176, -950
1997, -920, -1619
1997, -1773, -1997
1997, -899, -1997
1997, 1502, -1959
751, 1997, -869
-1918, 1997, 1679
-1998, 1997, 1998
-1998, 1997, 1998
-,-,-
774, 705, -490
1636, 549, -626
1997, -303, -1383
1997, -1562, -1938
1997, -1860, -1997
1997, 283, -1893
1997, 1995, -1238
217, 1997, -9
217, 1997, -9
-1998, 1997, 1996
-,-,-
1997, -246, -1300
1997, -1260, -1907
1997, -1397, -1997
1997, 334, -1997
1997, 1954, -1959
456, 1997, -882
-1901, 1997, 1531
-1998, 1997, 1998
-1998, 1997, 1998
-,-,-
1997, -863, -1588
1997, -1400, -1996
1997, -1391, -1997
1997, 33, -1997
1997, 1870, -1661
659, 1997, -144
-1802, 1997, 1911
-1998, 1997, 1998
-1998, 1997, 1998
-1998, 1957, 1877
-1998, 1120, 1227
-,-,-
1997, -1616, -1997
1997, 115, -1887
1997, 1922, -1154
1240, 1997, -62
-1705, 1997, 1458
-1998, 1997, 1868
-1998, 1997, 1998
-1998, 1997, 1740
-,-,-
1997, -1780, -1997
1997, -137, -1997
1997, 1838, -1453
1488, 1997, -8
-716, 1997, 1486
-1980, 1997, 1932
-1998, 1997, 1998
-1998, 1997, 1998
-,-,-
1154, -218, -976
1997, -722, -1884
1997, -1060, -1940
1997, -957, -1964
1997, 950, -1411
1164, 1997, -600
-1699, 1997, 1009
-1998, 1997, 1936
-1998, 1997, 1998
-1998, 1997, 1998
-,-,-
1997, -11, -1840
1997, -1420, -1997
1997, -1732, -1997
1997, 685, -1997
1997, 1997, -1883
-416, 1997, -39
-1998, 1997, 1290
-1998, 1997, 1998
-1998, 1997, 1998
-,-,-
1732, -81, -1423
1997, -690, -1997
1997, -1504, -1997
1997, -369, -1997
1997, 1831, -1997
92, 1997, -912
-1998, 1997, 1724
-1998, 1997, 1998
-1998, 1997, 1998
-,-,-
777, 583, -384
1903, 100, -1420
1997, -1022, -1997
1997, -1973, -1997
1997, -386, -1997
1997, 1833, -1994
1471, 1997, -391
-1812, 1997, 1851
-1975, 1997, 1998
-,-,-
1253, 358, -753
1966, -633, -1662
1997, -1419, -1997
1997, -1496, -1997
1997, 591, -1997
1969, 1988, -1780
-220, 1997, 29
-1998, 1997, 1969
-1998, 1997, 1998
-1998, 1997, 1998
-,-,-
1260, 1160, -392
1997, 262, -1784
1997, -1600, -1997
1997, -1940, -1997
1997, 241, -1997
1994, 1996, -1805
213, 1997, 366
-1480, 1907, 1460
-1998, 1997, 1796
-1998, 1997, 1998
-,-,-
1581, -569, -1744
1997, -1594, -1997
1997, -1738, -1997
1649, 1997, -1666
-1463, 1997, 763
-1998, 1997, 1998
-1998, 1997, 1998
-1998, 1937, 1998
-,-,-
1675, -191, -1493
1997, -772, -1993
1997, -769, -1980
1997, 1202, -1879
1428, 1997, -1070
-1806, 1997, 1230
-1998, 1997, 1998
-1998, 1997, 1998
